0 0.47265625 0.46875000 0.13281250 0.10937500
0 0.59960938 0.38867188 0.11328125 0.12109375
0 0.43750000 0.36328125 0.07031250 0.07031250
0 0.59960938 0.73046875 0.09765625 0.10937500
0 0.19335938 0.33203125 0.10546875 0.10937500
0 0.01367188 0.70507812 0.02734375 0.07421875
0 0.04101562 0.02734375 0.08203125 0.05468750
0 0.50781250 0.32812500 0.10937500 0.10156250
0 0.52148438 0.33593750 0.05078125 0.06250000
0 0.39648438 0.26953125 0.07421875 0.07031250
0 0.01757812 0.18750000 0.03515625 0.07812500
0 0.40039062 0.27343750 0.09765625 0.07812500
0 0.56445312 0.21093750 0.11328125 0.10937500
0 0.71875000 0.34179688 0.05468750 0.05078125
0 0.95117188 0.01171875 0.08203125 0.02343750
0 0.37890625 0.17578125 0.07812500 0.07031250
0 0.40234375 0.64453125 0.08593750 0.07031250
0 0.58789062 0.09375000 0.05859375 0.08593750
0 0.29687500 0.25000000 0.07031250 0.07031250
0 0.48828125 0.65039062 0.07031250 0.06640625
0 0.44531250 0.56835938 0.17968750 0.05859375
0 0.34960938 0.39843750 0.08203125 0.04687500
0 0.34765625 0.37109375 0.07812500 0.07812500
0 0.02539062 0.89843750 0.05078125 0.10156250
0 0.01562500 0.29687500 0.03125000 0.08593750
0 0.38281250 0.47070312 0.09375000 0.08203125
0 0.96289062 0.68554688 0.07421875 0.08984375
0 0.80078125 0.60156250 0.10937500 0.10937500
0 0.37890625 0.07421875 0.08593750 0.07031250
0 0.47656250 0.53710938 0.08593750 0.08203125
0 0.01953125 0.50781250 0.03906250 0.10937500
0 0.08593750 0.45117188 0.12500000 0.10546875
0 0.55664062 0.50000000 0.05078125 0.07812500
0 0.39453125 0.75976562 0.06250000 0.08203125
0 0.56640625 0.50195312 0.04687500 0.08984375
0 0.26757812 0.08593750 0.10546875 0.11718750
0 0.07421875 0.34765625 0.10156250 0.07812500
0 0.28320312 0.53125000 0.10546875 0.11718750
0 0.04687500 0.60937500 0.09375000 0.09375000
0 0.79296875 0.04687500 0.10156250 0.09375000
0 0.49414062 0.31640625 0.06640625 0.06250000
0 0.15234375 0.64062500 0.10156250 0.10156250
0 0.09179688 0.13281250 0.09765625 0.09375000
0 0.37109375 0.52148438 0.03906250 0.02734375
0 0.40429688 0.54687500 0.09765625 0.07812500
0 0.45898438 0.14062500 0.08203125 0.09375000
0 0.29101562 0.24609375 0.09765625 0.10156250
0 0.38281250 0.19335938 0.08593750 0.04296875
0 0.38476562 0.07812500 0.08984375 0.08593750
0 0.16992188 0.18945312 0.09765625 0.09765625
0 0.87890625 0.48046875 0.10937500 0.10937500
0 0.59179688 0.12109375 0.04296875 0.03906250
0 0.09570312 0.25585938 0.10546875 0.08984375
0 0.34570312 0.76953125 0.11328125 0.10937500
0 0.16796875 0.77539062 0.09375000 0.09765625
0 0.12890625 0.28125000 0.04687500 0.05468750
0 0.65625000 0.52148438 0.10156250 0.09765625
