0 0.37500000 0.78750000 0.04597701 0.04423077
0 0.18031609 0.11153846 0.04454023 0.04230769
0 0.05172414 0.83461538 0.02873563 0.02692308
0 0.40589080 0.27788462 0.03304598 0.06346154
0 0.50215517 0.64423077 0.04741379 0.05000000
0 0.24281609 0.37500000 0.02011494 0.02307692
0 0.62068966 0.93461538 0.04885057 0.05000000
0 0.46336207 0.14519231 0.03591954 0.05576923
0 0.65445402 0.12307692 0.03591954 0.06153846
0 0.10344828 0.86634615 0.03448276 0.05192308
0 0.22413793 0.43846154 0.04310345 0.04230769
0 0.28376437 0.89038462 0.05028736 0.04615385
0 0.35847701 0.42211538 0.04166667 0.04038462
0 0.84123563 0.20576923 0.05316092 0.03846154
0 0.98563218 0.56826923 0.02873563 0.05961538
0 0.72341954 0.29807692 0.03304598 0.05769231
0 0.87859195 0.40673077 0.03591954 0.05576923
0 0.15589080 0.06153846 0.02442529 0.02692308
0 0.08620690 0.70384615 0.04310345 0.05769231
0 0.58117816 0.02500000 0.05890805 0.03461538
0 0.51149425 0.20480769 0.02873563 0.07500000
0 0.18175287 0.67884615 0.02729885 0.04230769
0 0.39583333 0.98076923 0.02729885 0.03846154
0 0.06968391 0.57403846 0.03304598 0.05576923
0 0.01652299 0.43942308 0.03304598 0.05576923
0 0.37643678 0.25384615 0.03160920 0.05384615
0 0.37787356 0.60192308 0.04310345 0.05769231
0 0.22198276 0.37211538 0.01293103 0.02115385
0 0.14655172 0.25096154 0.02873563 0.05192308
0 0.21623563 0.52019231 0.03017241 0.06346154
0 0.00215517 0.50000000 0.00431034 0.03461538
0 0.54741379 0.56250000 0.04885057 0.04423077
0 0.30244253 0.18846154 0.04166667 0.05000000
0 0.11422414 0.48750000 0.02729885 0.05961538
0 0.06752874 0.78461538 0.02873563 0.03461538
0 0.91235632 0.24903846 0.04310345 0.03653846
0 0.41379310 0.90000000 0.04310345 0.05000000
0 0.00790230 0.54615385 0.01580460 0.04615385
0 0.99209770 0.02500000 0.01580460 0.05000000
0 0.13146552 0.09230769 0.01580460 0.03076923
0 0.35129310 0.20096154 0.02729885 0.05961538
0 0.15229885 0.35576923 0.05172414 0.04615385
0 0.98275862 0.78076923 0.03448276 0.06153846
0 0.21048851 0.01634615 0.04166667 0.03269231
0 0.39727011 0.35673077 0.04166667 0.05192308
0 0.96408046 0.90000000 0.03448276 0.05000000
0 0.08261494 0.42211538 0.03017241 0.05576923
0 0.28879310 0.96923077 0.04597701 0.05769231
0 0.38793103 0.15384615 0.03160920 0.04615385
0 0.00646552 0.94711538 0.01293103 0.06730769
0 0.42672414 0.49230769 0.04022989 0.04615385
0 0.04956897 0.47788462 0.03591954 0.05961538
0 0.49568966 0.41346154 0.03735632 0.05769231
0 0.67313218 0.74711538 0.03304598 0.03653846
0 0.09841954 0.91730769 0.03591954 0.05384615
0 0.44324713 0.05384615 0.04454023 0.04230769
0 0.66666667 0.51057692 0.00862069 0.00961538
0 0.06321839 0.17788462 0.04885057 0.03653846
0 0.21839080 0.10288462 0.03448276 0.05192308
0 0.28591954 0.38269231 0.02586207 0.04615385
0 0.45833333 0.62500000 0.04022989 0.06153846
0 0.02658046 0.03269231 0.03304598 0.02692308
0 0.35272989 0.02019231 0.03879310 0.04038462
0 0.62140805 0.87980769 0.04166667 0.05192308
0 0.11637931 0.98557692 0.03735632 0.02884615
0 0.95977011 0.12500000 0.04310345 0.04230769
0 0.64942529 0.35384615 0.03448276 0.06538462
0 0.52586207 0.07307692 0.03448276 0.05769231
0 0.91020115 0.46730769 0.04166667 0.03846154
0 0.75000000 0.67692308 0.02586207 0.05769231
0 0.28591954 0.29615385 0.04022989 0.05384615
0 0.20186782 0.68557692 0.01867816 0.04038462
0 0.43175287 0.30769231 0.02729885 0.06153846
0 0.54956897 0.32596154 0.04741379 0.04807692
0 0.62500000 0.01250000 0.05172414 0.02500000
0 0.01221264 0.78557692 0.02442529 0.04807692
0 0.91810345 0.73461538 0.03160920 0.06538462
0 0.12571839 0.94519231 0.03017241 0.03653846
0 0.02298851 0.90865385 0.03448276 0.05576923
0 0.82543103 0.14230769 0.04166667 0.05000000
0 0.05172414 0.07403846 0.01724138 0.03653846
0 0.41594828 0.83269231 0.03591954 0.06153846
0 0.51221264 0.92019231 0.03017241 0.05961538
0 0.85704023 0.81923077 0.03017241 0.06153846
0 0.98706897 0.35961538 0.02586207 0.03846154
0 0.72557471 0.88365385 0.04310345 0.04423077
0 0.07040230 0.22788462 0.04310345 0.04807692
0 0.33979885 0.53846154 0.03879310 0.04615385
0 0.46336207 0.28653846 0.02729885 0.06538462
0 0.20402299 0.15288462 0.04310345 0.05192308
0 0.66307471 0.72980769 0.01867816 0.02500000
0 0.60416667 0.64519231 0.03591954 0.05576923
0 0.32902299 0.03173077 0.03735632 0.04807692
0 0.03735632 0.62211538 0.04310345 0.04807692
0 0.75215517 0.14230769 0.03879310 0.05384615
0 0.27514368 0.04519231 0.03879310 0.04038462
0 0.63002874 0.99038462 0.04166667 0.01923077
0 0.98132184 0.40288462 0.03735632 0.04038462
0 0.06034483 0.03846154 0.02298851 0.03846154
0 0.58189655 0.39807692 0.03160920 0.05384615
0 0.57902299 0.70865385 0.04310345 0.05961538
0 0.92816092 0.17788462 0.04597701 0.03653846
0 0.88002874 0.31057692 0.04166667 0.04038462
0 0.34554598 0.61634615 0.04454023 0.05576923
0 0.88793103 0.85865385 0.04597701 0.05192308
0 0.02298851 0.30576923 0.03735632 0.06153846
0 0.27873563 0.62884615 0.04885057 0.05384615
0 0.76580460 0.64134615 0.02298851 0.05192308
0 0.40373563 0.00769231 0.03160920 0.01538462
0 0.65948276 0.69807692 0.02873563 0.03846154
0 0.44827586 0.82403846 0.03448276 0.07115385
0 0.26149425 0.83173077 0.03448276 0.04807692
0 0.53663793 0.81538462 0.04454023 0.05384615
0 0.00359195 0.07019231 0.00718391 0.03269231
0 0.29238506 0.15769231 0.04454023 0.03846154
0 0.95258621 0.95192308 0.04022989 0.03846154
0 0.77873563 0.67788462 0.03160920 0.05961538
0 0.88505747 0.58365385 0.03448276 0.05961538
0 0.21192529 0.97211538 0.03304598 0.05576923
0 0.61350575 0.26153846 0.03735632 0.06153846
0 0.36997126 0.74326923 0.03591954 0.03653846
0 0.76077586 0.42500000 0.03304598 0.05769231
0 0.16307471 0.09230769 0.03879310 0.04615385
0 0.31106322 0.50192308 0.03879310 0.04230769
0 0.00502874 0.12692308 0.01005747 0.03461538
0 0.03591954 0.98076923 0.03160920 0.03846154
0 0.15158046 0.12307692 0.02155172 0.03076923
0 0.06393678 0.01250000 0.02442529 0.02500000
0 0.02227011 0.11057692 0.02729885 0.04423077
0 0.72557471 0.08557692 0.04310345 0.05192308
0 0.23778736 0.98269231 0.03017241 0.03461538
0 0.15876437 0.87115385 0.02729885 0.05000000
0 0.10272989 0.01057692 0.03304598 0.02115385
0 0.30387931 0.85192308 0.03591954 0.05000000
0 0.85129310 0.97788462 0.04454023 0.04423077
0 0.16738506 0.16442308 0.03017241 0.03653846
0 0.32399425 0.39326923 0.03879310 0.04423077
0 0.22988506 0.37692308 0.00862069 0.01923077
0 0.29741379 0.34807692 0.03735632 0.04615385
0 0.10919540 0.10384615 0.01724138 0.03461538
0 0.68247126 0.37500000 0.03448276 0.05769231
0 0.22054598 0.66923077 0.03879310 0.04615385
0 0.03663793 0.35576923 0.03591954 0.06538462
0 0.14439655 0.61057692 0.02442529 0.06346154
0 0.97988506 0.25673077 0.04022989 0.04807692
0 0.30890805 0.10384615 0.03735632 0.03846154
0 0.13074713 0.73557692 0.02298851 0.04423077
0 0.32471264 0.79519231 0.03735632 0.04423077
0 0.58620690 0.17500000 0.03735632 0.07307692
0 0.01795977 0.01057692 0.03304598 0.02115385
0 0.01939655 0.15096154 0.01867816 0.02884615
0 0.82183908 0.74038462 0.04022989 0.06153846
0 0.93390805 0.56826923 0.02873563 0.05192308
0 0.81752874 0.46250000 0.04310345 0.09038462
0 0.32112069 0.96538462 0.04454023 0.05384615
0 0.58261494 0.06923077 0.02442529 0.03461538
0 0.75646552 0.30288462 0.02729885 0.05961538
0 0.13362069 0.01730769 0.03448276 0.03461538
