0 0.95898438 0.64697266 0.00976562 0.00683594
0 0.31298828 0.23925781 0.00878906 0.00976562
0 0.29101562 0.02880859 0.01562500 0.01269531
0 0.51025391 0.94677734 0.01464844 0.01464844
0 0.17236328 0.50634766 0.01660156 0.02441406
0 0.08984375 0.61962891 0.00781250 0.00878906
0 0.62548828 0.67333984 0.02832031 0.01855469
0 0.42529297 0.06689453 0.00488281 0.01074219
0 0.28857422 0.72265625 0.02246094 0.01367188
0 0.63085938 0.82714844 0.00781250 0.00976562
0 0.16015625 0.47070312 0.01171875 0.01171875
0 0.24316406 0.83007812 0.02539062 0.01562500
0 0.01953125 0.09033203 0.01953125 0.01855469
0 0.48388672 0.84375000 0.00683594 0.00585938
0 0.74462891 0.23925781 0.01074219 0.00976562
0 0.26269531 0.50146484 0.01171875 0.00878906
0 0.32421875 0.71240234 0.00976562 0.01074219
0 0.16064453 0.38427734 0.00488281 0.00683594
0 0.34960938 0.85009766 0.00976562 0.00878906
0 0.64794922 0.19287109 0.02050781 0.02050781
0 0.24169922 0.14550781 0.00878906 0.01171875
0 0.50830078 0.05908203 0.01464844 0.01660156
0 0.95751953 0.66113281 0.00683594 0.00585938
0 0.16650391 0.18261719 0.01074219 0.01757812
0 0.51416016 0.48632812 0.01855469 0.01367188
0 0.36083984 0.72363281 0.01464844 0.01757812
0 0.16259766 0.48535156 0.01269531 0.01367188
0 0.74267578 0.54052734 0.00683594 0.00683594
0 0.39160156 0.75244141 0.01171875 0.00878906
0 0.09228516 0.62841797 0.00878906 0.00878906
0 0.25634766 0.18066406 0.00878906 0.00976562
0 0.75634766 0.22900391 0.00878906 0.00878906
0 0.43261719 0.26269531 0.01562500 0.01953125
0 0.47998047 0.83642578 0.00683594 0.00878906
0 0.15966797 0.44921875 0.01464844 0.01367188
0 0.08837891 0.26367188 0.00488281 0.00585938
0 0.40332031 0.03271484 0.01562500 0.03222656
0 0.05615234 0.33007812 0.00878906 0.00976562
0 0.32519531 0.70703125 0.00781250 0.00585938
0 0.31787109 0.79101562 0.02246094 0.02343750
0 0.43164062 0.05566406 0.01171875 0.00781250
0 0.27050781 0.18945312 0.00781250 0.01171875
0 0.90771484 0.12402344 0.01660156 0.01171875
0 0.30908203 0.19628906 0.01074219 0.01171875
0 0.40234375 0.75976562 0.00781250 0.00976562
0 0.59521484 0.10546875 0.00878906 0.00781250
0 0.32275391 0.24072266 0.00878906 0.00878906
0 0.04980469 0.87402344 0.01171875 0.01171875
0 0.16308594 0.45751953 0.01171875 0.01269531
0 0.06591797 0.32666016 0.00683594 0.00878906
0 0.26074219 0.19482422 0.01171875 0.01074219
0 0.46191406 0.99755859 0.01171875 0.00488281
0 0.36181641 0.17041016 0.02441406 0.02832031
0 0.89892578 0.09765625 0.02050781 0.01757812
0 0.04833984 0.39404297 0.01074219 0.02050781
0 0.25292969 0.15283203 0.00781250 0.00878906
0 0.04248047 0.79638672 0.01269531 0.00683594
0 0.62402344 0.35156250 0.02148438 0.02343750
0 0.10937500 0.37060547 0.00585938 0.00683594
0 0.48779297 0.83544922 0.00683594 0.00878906
0 0.12792969 0.15478516 0.02734375 0.02246094
0 0.04541016 0.88085938 0.00878906 0.00781250
0 0.54589844 0.75341797 0.01953125 0.02246094
0 0.67626953 0.51367188 0.01464844 0.01562500
0 0.40917969 0.62744141 0.00585938 0.00488281
0 0.32519531 0.57373047 0.02734375 0.02246094
0 0.14013672 0.39013672 0.01660156 0.01464844
0 0.74121094 0.54833984 0.00781250 0.00683594
0 0.89697266 0.09130859 0.01074219 0.01074219
0 0.35205078 0.84228516 0.00878906 0.00683594
0 0.89843750 0.76953125 0.01953125 0.02539062
0 0.44482422 0.34472656 0.01855469 0.01562500
0 0.95654297 0.66748047 0.00683594 0.00683594
0 0.21240234 0.59326172 0.01269531 0.01074219
0 0.72802734 0.43164062 0.02636719 0.01953125
0 0.75878906 0.06542969 0.01757812 0.01953125
0 0.27441406 0.95849609 0.01953125 0.02246094
0 0.77539062 0.72021484 0.02343750 0.02246094
0 0.26171875 0.18505859 0.01171875 0.00878906
0 0.35986328 0.84375000 0.00878906 0.00976562
0 0.65478516 0.43994141 0.01855469 0.02246094
0 0.10351562 0.39648438 0.00585938 0.00781250
0 0.31591797 0.19970703 0.00683594 0.00683594
0 0.09570312 0.61425781 0.00781250 0.00781250
0 0.07519531 0.18798828 0.00976562 0.02246094
0 0.05029297 0.42089844 0.01660156 0.02148438
0 0.04638672 0.43261719 0.00488281 0.00585938
0 0.40673828 0.62304688 0.00683594 0.00781250
0 0.42919922 0.06347656 0.00878906 0.00976562
0 0.60205078 0.10351562 0.00683594 0.00781250
0 0.49560547 0.31689453 0.02441406 0.02246094
0 0.26464844 0.88964844 0.00585938 0.00781250
0 0.33105469 0.71337891 0.00585938 0.00683594
0 0.01757812 0.26855469 0.02148438 0.02734375
0 0.76855469 0.07373047 0.00976562 0.01074219
0 0.38964844 0.90527344 0.00781250 0.00585938
0 0.83691406 0.00488281 0.01953125 0.00976562
0 0.06250000 0.33300781 0.00781250 0.00781250
0 0.00830078 0.80566406 0.01269531 0.01757812
0 0.39501953 0.76074219 0.00683594 0.00585938
0 0.95898438 0.65429688 0.00976562 0.00781250
0 0.99560547 0.22558594 0.00878906 0.01757812
0 0.13720703 0.36132812 0.00683594 0.00781250
0 0.59375000 0.09765625 0.00781250 0.00781250
0 0.31640625 0.24609375 0.00976562 0.00781250
0 0.87597656 0.39843750 0.01757812 0.01367188
0 0.20996094 0.58740234 0.01171875 0.01269531
0 0.36328125 0.86767578 0.00976562 0.01074219
0 0.15185547 0.66455078 0.01464844 0.01269531
0 0.16845703 0.89599609 0.01660156 0.01074219
0 0.98339844 0.07861328 0.00781250 0.00878906
0 0.10791016 0.14843750 0.00488281 0.00585938
0 0.94677734 0.66162109 0.01074219 0.01074219
0 0.39648438 0.90869141 0.00585938 0.00683594
0 0.04150391 0.78759766 0.01464844 0.01269531
0 0.38378906 0.90771484 0.00781250 0.00878906
0 0.31982422 0.71582031 0.00488281 0.00585938
0 0.75146484 0.23535156 0.00878906 0.00781250
0 0.35253906 0.86572266 0.00781250 0.00878906
0 0.22900391 0.82226562 0.00878906 0.00976562
0 0.39550781 0.62548828 0.00781250 0.00878906
0 0.60205078 0.09570312 0.00683594 0.00781250
0 0.22167969 0.81542969 0.00781250 0.00781250
0 0.99414062 0.02685547 0.00781250 0.01269531
0 0.25878906 0.51708984 0.01953125 0.01855469
0 0.24951172 0.14404297 0.00878906 0.01269531
0 0.18750000 0.33349609 0.01367188 0.01269531
0 0.13037109 0.40771484 0.00488281 0.00683594
0 0.77197266 0.89453125 0.01464844 0.01562500
0 0.43408203 0.72412109 0.01855469 0.01269531
0 0.81738281 0.15478516 0.01367188 0.02246094
0 0.74853516 0.54394531 0.00683594 0.00781250
0 0.91210938 0.11474609 0.01171875 0.00878906
0 0.36572266 0.89013672 0.00488281 0.00683594
0 0.78027344 0.84521484 0.01367188 0.01464844
0 0.76562500 0.06933594 0.00781250 0.00585938
