0 0.40156250 0.06445312 0.04687500 0.06640625
0 0.97968750 0.98632812 0.04062500 0.02734375
0 0.46562500 0.93164062 0.05000000 0.11328125
0 0.19375000 0.27148438 0.04375000 0.08203125
0 0.80937500 0.82812500 0.05625000 0.03906250
0 0.15781250 0.86523438 0.05937500 0.08203125
0 0.18750000 0.98632812 0.10625000 0.02734375
0 0.08437500 0.49414062 0.05625000 0.04296875
0 0.81406250 0.73242188 0.04062500 0.08203125
0 0.46250000 0.44726562 0.08750000 0.07421875
0 0.45312500 0.16601562 0.08125000 0.05859375
0 0.84843750 0.67968750 0.04062500 0.07031250
0 0.36875000 0.35546875 0.04375000 0.12500000
0 0.14375000 0.61328125 0.02500000 0.04687500
0 0.01718750 0.53906250 0.03437500 0.03125000
0 0.30625000 0.23632812 0.03125000 0.07421875
0 0.71250000 0.72070312 0.08125000 0.12109375
0 0.25937500 0.74414062 0.06250000 0.12109375
0 0.60937500 0.93164062 0.08125000 0.09765625
0 0.82656250 0.92968750 0.07187500 0.05468750
0 0.04218750 0.40234375 0.08437500 0.03125000
0 0.37343750 0.65625000 0.09062500 0.07812500
0 0.21093750 0.95117188 0.10312500 0.05078125
0 0.85781250 0.97070312 0.05937500 0.05859375
0 0.50312500 0.72460938 0.03750000 0.05859375
0 0.03281250 0.60742188 0.06562500 0.07421875
0 0.25625000 0.82812500 0.06250000 0.11718750
0 0.51875000 0.02734375 0.10625000 0.05468750
0 0.02343750 0.49804688 0.04687500 0.05078125
0 0.72343750 0.98046875 0.05312500 0.03906250
0 0.47500000 0.59960938 0.04375000 0.11328125
0 0.52500000 0.84960938 0.05625000 0.05078125
0 0.05312500 0.65234375 0.10000000 0.04687500
0 0.53750000 0.34570312 0.03125000 0.04296875
0 0.56093750 0.71875000 0.07187500 0.06250000
0 0.03125000 0.37695312 0.06250000 0.03515625
0 0.99218750 0.83398438 0.01562500 0.03515625
0 0.28906250 0.52734375 0.04687500 0.07812500
0 0.09531250 0.60742188 0.08437500 0.06640625
0 0.34843750 0.24804688 0.05312500 0.08984375
0 0.33750000 0.10937500 0.04375000 0.05468750
0 0.61250000 0.77148438 0.03125000 0.03515625
0 0.03593750 0.44531250 0.07187500 0.06250000
0 0.87812500 0.74023438 0.04375000 0.08984375
0 0.92656250 0.88671875 0.05312500 0.08593750
0 0.47031250 0.49804688 0.07187500 0.11328125
0 0.29062500 0.07421875 0.02500000 0.03906250
0 0.03593750 0.32617188 0.06562500 0.05078125
0 0.11093750 0.73828125 0.07812500 0.05468750
0 0.08437500 0.30078125 0.08125000 0.05468750
0 0.23281250 0.09179688 0.03437500 0.07421875
0 0.18281250 0.01367188 0.04062500 0.02734375
0 0.70937500 0.76171875 0.08750000 0.08593750
0 0.19375000 0.48828125 0.05000000 0.09375000
0 0.62968750 0.71093750 0.06562500 0.05468750
0 0.45312500 0.23828125 0.08125000 0.06250000
0 0.07812500 0.19335938 0.05000000 0.05859375
0 0.11093750 0.07226562 0.08437500 0.06640625
0 0.78281250 0.78320312 0.05937500 0.10546875
0 0.02187500 0.27539062 0.04375000 0.05859375
0 0.51250000 0.63476562 0.03125000 0.10546875
0 0.68750000 0.83789062 0.05000000 0.05078125
0 0.58281250 0.01562500 0.05937500 0.03125000
0 0.03281250 0.11328125 0.06562500 0.04687500
0 0.44531250 0.49218750 0.06562500 0.08593750
0 0.94531250 0.71679688 0.08437500 0.09765625
0 0.33593750 0.02148438 0.03437500 0.04296875
0 0.46406250 0.67187500 0.03437500 0.03906250
0 0.40468750 0.80664062 0.06562500 0.08203125
0 0.92656250 0.83984375 0.04687500 0.04687500
0 0.53281250 0.91406250 0.04687500 0.05468750
0 0.07031250 0.52539062 0.07812500 0.05859375
0 0.08437500 0.68164062 0.13125000 0.05859375
0 0.16875000 0.32617188 0.03125000 0.05859375
0 0.29218750 0.17773438 0.02812500 0.08203125
0 0.47187500 0.78906250 0.05625000 0.07031250
0 0.26718750 0.40820312 0.04062500 0.04296875
0 0.02656250 0.35937500 0.04062500 0.01562500
0 0.35781250 0.51171875 0.02812500 0.10937500
0 0.47968750 0.10156250 0.06562500 0.05468750
0 0.26718750 0.65625000 0.05312500 0.08593750
0 0.13906250 0.16406250 0.04687500 0.04687500
0 0.45312500 0.31054688 0.08750000 0.08203125
0 0.47343750 0.38867188 0.05312500 0.05078125
0 0.14062500 0.01757812 0.06250000 0.03515625
0 0.19687500 0.83007812 0.07500000 0.08984375
0 0.05156250 0.16796875 0.05312500 0.04687500
0 0.20156250 0.18164062 0.03437500 0.04296875
0 0.36093750 0.69726562 0.04062500 0.04296875
0 0.14062500 0.11718750 0.06250000 0.06250000
0 0.21250000 0.91601562 0.07500000 0.04296875
0 0.02187500 0.23242188 0.04375000 0.03515625
0 0.13906250 0.79101562 0.05312500 0.07421875
0 0.08125000 0.23828125 0.06250000 0.05468750
0 0.28281250 0.97656250 0.07187500 0.04687500
0 0.34375000 0.78906250 0.05625000 0.08593750
0 0.08906250 0.13281250 0.05312500 0.04687500
