0 0.06393678 0.21057692 0.08477011 0.10961538
0 0.13864943 0.83653846 0.05603448 0.10000000
0 0.32830460 0.79134615 0.07902299 0.12500000
0 0.04885057 0.51923077 0.07183908 0.08846154
0 0.23850575 0.44711538 0.06609195 0.09807692
0 0.00718391 0.01153846 0.01436782 0.02307692
0 0.83405172 0.77980769 0.07614943 0.10961538
0 0.51077586 0.15480769 0.09626437 0.11346154
0 0.21910920 0.82500000 0.04741379 0.10769231
0 0.50574713 0.46057692 0.09195402 0.07500000
0 0.69324713 0.17115385 0.07327586 0.10769231
