0 0.59062500 0.88671875 0.06875000 0.10937500
0 0.01406250 0.77343750 0.02812500 0.04687500
0 0.41562500 0.06250000 0.07500000 0.11718750
0 0.07187500 0.74414062 0.13750000 0.12109375
0 0.47187500 0.33398438 0.09375000 0.10546875
0 0.31093750 0.82812500 0.08437500 0.09375000
0 0.35156250 0.07031250 0.07812500 0.07031250
0 0.97656250 0.87500000 0.04687500 0.17187500
0 0.56250000 0.26757812 0.05625000 0.07421875
0 0.84062500 0.53906250 0.06875000 0.10156250
0 0.96718750 0.03515625 0.06562500 0.07031250
0 0.71406250 0.95898438 0.04687500 0.05078125
0 0.61718750 0.98437500 0.05312500 0.03125000
0 0.79531250 0.69531250 0.04687500 0.11718750
0 0.64531250 0.13281250 0.08437500 0.09375000
0 0.91093750 0.99218750 0.04687500 0.01562500
0 0.60625000 0.07617188 0.06250000 0.13671875
0 0.96093750 0.67187500 0.07812500 0.11718750
0 0.86718750 0.93945312 0.07187500 0.08984375
0 0.44218750 0.77148438 0.10937500 0.12109375
0 0.85000000 0.42968750 0.04375000 0.07812500
0 0.72187500 0.47070312 0.10000000 0.16015625
0 0.51406250 0.20507812 0.05937500 0.10546875
0 0.58906250 0.43750000 0.14062500 0.10937500
0 0.31093750 0.94335938 0.08437500 0.07421875
0 0.77812500 0.87890625 0.05625000 0.08593750
0 0.73750000 0.64062500 0.09375000 0.09375000
0 0.57343750 0.60156250 0.07187500 0.09375000
0 0.70312500 0.88085938 0.06875000 0.07421875
0 0.69687500 0.57226562 0.05625000 0.07421875
0 0.02500000 0.16015625 0.01875000 0.02343750
0 0.34375000 0.27148438 0.04375000 0.05859375
0 0.93906250 0.55273438 0.06562500 0.08984375
0 0.73906250 0.80468750 0.06562500 0.08593750
0 0.06093750 0.99414062 0.05312500 0.01171875
0 0.39843750 0.36132812 0.05312500 0.06640625
0 0.94375000 0.46093750 0.09375000 0.10156250
0 0.95000000 0.42382812 0.10000000 0.12890625
0 0.06875000 0.08203125 0.06875000 0.11718750
0 0.77031250 0.98828125 0.04687500 0.02343750
0 0.46718750 0.58398438 0.09062500 0.14453125
0 0.69843750 0.75195312 0.05937500 0.07421875
0 0.19218750 0.16992188 0.14687500 0.18359375
0 0.15625000 0.89453125 0.09375000 0.11718750
0 0.84687500 0.63281250 0.06250000 0.10156250
0 0.69218750 0.22656250 0.08437500 0.10937500
0 0.49375000 0.13476562 0.06875000 0.08984375
0 0.90937500 0.02148438 0.06875000 0.04296875
0 0.03125000 0.31250000 0.06250000 0.14843750
0 0.71718750 0.02343750 0.08437500 0.04687500
0 0.01093750 0.50195312 0.02187500 0.08203125
0 0.82187500 0.79101562 0.08125000 0.08984375
0 0.85625000 0.36328125 0.04375000 0.07031250
0 0.20937500 0.81640625 0.05000000 0.06250000
0 0.48125000 0.88671875 0.06875000 0.09375000
0 0.05000000 0.98046875 0.08750000 0.03906250
0 0.32500000 0.45898438 0.07500000 0.09765625
0 0.79687500 0.09179688 0.08750000 0.14453125
0 0.60625000 0.31445312 0.05625000 0.07421875
0 0.60156250 0.75000000 0.07187500 0.10156250
0 0.35000000 0.67187500 0.07500000 0.09375000
0 0.40312500 0.43750000 0.06250000 0.05468750
0 0.09531250 0.50000000 0.08437500 0.14843750
