0 0.97341954 0.06153846 0.03879310 0.05769231
0 0.43103448 0.46538462 0.04885057 0.06923077
0 0.47557471 0.96634615 0.05459770 0.06730769
0 0.11135057 0.42115385 0.03304598 0.06538462
0 0.56824713 0.86153846 0.03879310 0.07692308
0 0.74281609 0.85384615 0.03735632 0.06923077
0 0.31681034 0.77788462 0.05028736 0.05192308
0 0.25502874 0.68653846 0.04454023 0.07307692
0 0.67528736 0.27019231 0.05747126 0.06730769
0 0.97126437 0.57211538 0.05747126 0.07115385
0 0.14511494 0.25288462 0.05459770 0.06730769
0 0.71839080 0.60384615 0.04597701 0.06538462
0 0.58908046 0.71634615 0.03735632 0.07884615
0 0.36063218 0.74038462 0.05172414 0.06923077
0 0.10129310 0.95000000 0.05890805 0.05769231
0 0.20186782 0.59519231 0.06465517 0.06346154
0 0.02945402 0.03653846 0.04166667 0.05769231
0 0.98922414 0.00769231 0.02155172 0.01538462
0 0.01149425 0.97884615 0.02298851 0.04230769
0 0.62212644 0.55096154 0.04022989 0.07115385
0 0.19109195 0.42596154 0.04310345 0.06346154
0 0.41954023 0.34230769 0.06609195 0.08076923
0 0.49568966 0.53461538 0.06034483 0.05769231
0 0.86566092 0.02019231 0.04166667 0.04038462
0 0.74784483 0.99519231 0.02155172 0.00961538
0 0.34051724 0.61923077 0.04885057 0.04615385
0 0.87356322 0.58557692 0.02873563 0.03653846
0 0.41307471 0.23269231 0.01580460 0.01923077
0 0.98850575 0.80961538 0.02298851 0.05000000
0 0.09482759 0.74326923 0.05172414 0.07500000
0 0.91020115 0.18653846 0.02155172 0.03076923
0 0.98347701 0.87307692 0.03304598 0.05384615
0 0.74568966 0.75192308 0.03448276 0.06538462
0 0.58189655 0.97692308 0.03160920 0.04615385
0 0.66882184 0.19615385 0.04741379 0.06923077
0 0.02442529 0.78750000 0.04885057 0.05961538
0 0.48419540 0.42019231 0.05172414 0.05961538
0 0.44899425 0.29038462 0.03304598 0.03846154
0 0.14152299 0.66346154 0.05603448 0.04615385
0 0.43462644 0.09038462 0.04454023 0.05384615
0 0.40876437 0.62019231 0.04166667 0.04423077
0 0.14008621 0.02788462 0.05603448 0.05576923
0 0.83477011 0.77307692 0.03448276 0.05769231
0 0.00215517 0.49903846 0.00431034 0.04038462
0 0.89870690 0.80769231 0.03879310 0.05000000
0 0.83045977 0.05192308 0.04597701 0.05000000
0 0.88218391 0.65384615 0.04310345 0.04230769
0 0.61637931 0.39903846 0.04597701 0.09038462
0 0.53232759 0.24711538 0.04166667 0.07884615
0 0.85560345 0.94423077 0.03591954 0.06538462
0 0.96982759 0.76057692 0.05172414 0.04807692
0 0.79597701 0.61153846 0.04597701 0.05769231
0 0.58189655 0.28846154 0.04597701 0.05769231
0 0.03160920 0.10480769 0.04597701 0.07884615
0 0.04022989 0.35096154 0.03735632 0.06730769
0 0.42169540 0.76826923 0.04741379 0.04423077
0 0.66738506 0.69903846 0.03591954 0.05192308
0 0.22557471 0.28653846 0.03448276 0.06538462
0 0.78448276 0.46634615 0.03448276 0.04807692
0 0.27155172 0.94615385 0.04310345 0.05769231
0 0.94109195 0.34903846 0.04310345 0.05576923
0 0.16020115 0.08365385 0.05028736 0.05961538
0 0.99712644 0.45673077 0.00574713 0.02115385
0 0.34985632 0.97115385 0.03017241 0.05769231
0 0.45114943 0.84903846 0.04310345 0.04807692
0 0.62931034 0.67692308 0.04022989 0.05000000
0 0.55316092 0.61826923 0.06609195 0.05961538
0 0.76867816 0.01250000 0.04597701 0.02500000
0 0.70114943 0.88557692 0.03448276 0.06730769
0 0.90804598 0.51250000 0.05459770 0.05576923
0 0.76077586 0.58653846 0.02729885 0.04230769
0 0.00718391 0.20480769 0.01436782 0.06730769
0 0.63002874 0.15096154 0.05316092 0.04423077
0 0.81106322 0.96442308 0.03591954 0.06730769
0 0.31178161 0.51826923 0.04310345 0.05192308
0 0.05747126 0.22403846 0.03448276 0.06730769
0 0.45474138 0.24134615 0.04166667 0.06730769
0 0.98706897 0.15865385 0.02586207 0.06346154
0 0.48563218 0.48461538 0.06321839 0.05769231
0 0.26867816 0.42115385 0.03735632 0.06538462
0 0.85272989 0.10096154 0.05890805 0.06730769
0 0.76867816 0.25096154 0.04885057 0.05576923
0 0.72341954 0.73173077 0.04166667 0.06730769
0 0.54956897 0.34711538 0.05603448 0.10192308
0 0.84698276 0.69134615 0.03304598 0.04807692
0 0.69971264 0.82115385 0.04885057 0.05384615
0 0.19324713 0.97307692 0.05603448 0.05384615
0 0.30028736 0.31346154 0.06034483 0.06923077
0 0.42887931 0.70769231 0.04166667 0.04615385
0 0.15804598 0.77692308 0.04022989 0.07307692
0 0.40948276 0.07115385 0.04310345 0.05384615
0 0.25431034 0.17788462 0.04022989 0.07115385
0 0.42097701 0.87211538 0.03735632 0.05576923
0 0.53017241 0.08557692 0.06896552 0.07115385
0 0.89870690 0.59615385 0.03017241 0.03461538
0 0.58979885 0.37019231 0.04454023 0.06730769
0 0.08908046 0.85096154 0.05747126 0.05192308
0 0.97198276 0.65384615 0.05603448 0.06153846
0 0.00431034 0.00769231 0.00862069 0.01538462
0 0.94109195 0.02307692 0.02873563 0.04615385
0 0.24066092 0.47403846 0.05028736 0.04807692
0 0.33692529 0.14519231 0.03879310 0.09038462
0 0.78232759 0.37211538 0.03879310 0.07115385
0 0.00574713 0.12596154 0.01149425 0.05576923
0 0.40229885 0.27403846 0.04597701 0.04807692
0 0.08908046 0.58461538 0.05747126 0.04615385
0 0.48563218 0.71730769 0.03448276 0.05000000
0 0.22772989 0.81538462 0.05603448 0.05769231
0 0.50574713 0.00673077 0.02011494 0.01346154
0 0.74066092 0.49134615 0.02729885 0.05576923
0 0.86135057 0.39807692 0.04454023 0.07307692
0 0.58189655 0.18653846 0.04885057 0.06538462
0 0.85416667 0.25192308 0.05316092 0.06923077
0 0.28520115 0.05288462 0.06178161 0.07500000
0 0.99209770 0.34519231 0.01580460 0.05961538
0 0.00574713 0.07115385 0.01149425 0.03076923
0 0.76867816 0.74230769 0.01724138 0.04230769
0 0.20977011 0.16250000 0.04310345 0.06346154
0 0.95761494 0.39903846 0.05890805 0.05961538
0 0.11781609 0.31730769 0.03448276 0.06153846
0 0.16020115 0.28653846 0.03879310 0.04615385
0 0.86853448 0.90000000 0.04166667 0.05384615
0 0.19971264 0.35000000 0.04022989 0.04615385
0 0.37500000 0.38846154 0.04885057 0.06538462
0 0.15804598 0.45384615 0.04885057 0.05000000
0 0.45043103 0.57500000 0.04741379 0.06153846
0 0.73635057 0.55096154 0.02729885 0.04423077
0 0.16666667 0.54134615 0.05459770 0.05192308
0 0.47916667 0.81057692 0.04454023 0.05961538
0 0.94109195 0.87692308 0.04310345 0.04615385
0 0.88649425 0.20288462 0.03448276 0.06730769
0 0.68031609 0.09230769 0.05890805 0.05384615
0 0.64870690 0.98173077 0.03879310 0.03653846
0 0.18031609 0.29326923 0.01580460 0.02115385
0 0.97341954 0.26346154 0.05316092 0.05000000
0 0.88433908 0.34807692 0.04741379 0.07307692
0 0.33477011 0.47980769 0.04597701 0.05576923
0 0.10919540 0.13557692 0.05172414 0.05192308
0 0.34913793 0.86057692 0.04597701 0.04038462
0 0.53879310 0.76442308 0.04022989 0.06346154
0 0.95617816 0.19326923 0.05028736 0.05192308
0 0.97413793 0.96634615 0.05172414 0.05192308
0 0.71910920 0.39807692 0.05028736 0.06153846
0 0.70330460 0.48750000 0.03879310 0.05576923
0 0.80316092 0.49134615 0.03735632 0.04807692
0 0.24209770 0.34423077 0.03304598 0.04615385
