0 0.51562500 0.41210938 0.11718750 0.11328125
0 0.38281250 0.11523438 0.08593750 0.08203125
0 0.23632812 0.17578125 0.09765625 0.12500000
0 0.56640625 0.01367188 0.08593750 0.02734375
0 0.28906250 0.06445312 0.14843750 0.12890625
0 0.48437500 0.15820312 0.08593750 0.07421875
0 0.21289062 0.29882812 0.08984375 0.10546875
0 0.89062500 0.39257812 0.07812500 0.08203125
0 0.29882812 0.33593750 0.08984375 0.10156250
0 0.40039062 0.25585938 0.10546875 0.07421875
0 0.42382812 0.18945312 0.12109375 0.07421875
0 0.89648438 0.19140625 0.08203125 0.08593750
0 0.94726562 0.24804688 0.07421875 0.10546875
0 0.37890625 0.23437500 0.07031250 0.03906250
0 0.51562500 0.30468750 0.11718750 0.09375000
0 0.12304688 0.34179688 0.08984375 0.08203125
0 0.12304688 0.24023438 0.08984375 0.08984375
0 0.13085938 0.14453125 0.12890625 0.09375000
0 0.31250000 0.20117188 0.08593750 0.10546875
0 0.09960938 0.05273438 0.16796875 0.10546875
0 0.97460938 0.41406250 0.05078125 0.08593750
0 0.97265625 0.32226562 0.05468750 0.08984375
0 0.20703125 0.01953125 0.08593750 0.03906250
