0 0.54589844 0.04492188 0.01757812 0.01367188
0 0.52197266 0.77099609 0.01074219 0.00878906
0 0.26708984 0.06689453 0.01464844 0.02246094
0 0.61425781 0.64062500 0.00585938 0.00781250
0 0.26904297 0.40478516 0.02441406 0.02441406
0 0.72265625 0.68994141 0.00976562 0.00683594
0 0.94482422 0.65820312 0.00488281 0.00585938
0 0.52978516 0.78076172 0.00878906 0.01074219
0 0.91015625 0.61376953 0.00976562 0.00488281
0 0.64501953 0.10888672 0.02441406 0.02050781
0 0.71679688 0.76904297 0.01757812 0.02441406
0 0.29638672 0.49218750 0.02441406 0.02343750
0 0.09423828 0.42187500 0.02832031 0.02539062
0 0.63232422 0.69091797 0.02050781 0.02441406
0 0.62841797 0.73437500 0.00878906 0.00781250
0 0.17236328 0.79736328 0.02832031 0.02441406
0 0.61035156 0.67578125 0.01953125 0.02343750
0 0.60742188 0.63720703 0.00976562 0.00683594
0 0.59326172 0.57617188 0.01855469 0.01953125
0 0.63281250 0.46142578 0.02148438 0.02441406
0 0.63818359 0.85449219 0.02246094 0.02929688
0 0.55322266 0.05859375 0.00488281 0.00781250
0 0.97265625 0.64892578 0.02148438 0.02050781
0 0.81005859 0.00244141 0.01269531 0.00488281
0 0.73876953 0.67236328 0.02246094 0.02050781
0 0.55908203 0.05615234 0.00683594 0.00683594
0 0.62158203 0.73974609 0.00683594 0.00683594
0 0.91845703 0.61914062 0.00878906 0.00585938
0 0.89941406 0.74658203 0.02148438 0.02246094
0 0.07861328 0.46289062 0.02246094 0.02539062
0 0.50927734 0.35791016 0.02246094 0.02441406
0 0.62158203 0.65136719 0.00878906 0.00781250
0 0.71728516 0.38427734 0.02050781 0.01855469
0 0.62646484 0.63916016 0.00683594 0.00683594
0 0.60058594 0.68994141 0.00781250 0.01269531
0 0.71630859 0.57226562 0.02050781 0.01953125
0 0.89941406 0.61425781 0.00976562 0.00781250
0 0.78906250 0.65185547 0.00781250 0.01074219
0 0.64697266 0.78027344 0.01074219 0.01171875
0 0.74072266 0.61035156 0.02050781 0.02148438
0 0.68017578 0.67675781 0.01855469 0.02148438
0 0.22460938 0.62646484 0.01953125 0.01855469
0 0.81542969 0.78710938 0.00976562 0.00976562
0 0.60791016 0.65283203 0.01660156 0.01855469
0 0.78808594 0.78271484 0.01562500 0.02246094
0 0.30761719 0.06298828 0.02734375 0.02246094
0 0.87597656 0.01025391 0.00781250 0.00683594
0 0.65625000 0.32617188 0.01562500 0.01757812
0 0.99609375 0.74218750 0.00781250 0.02148438
0 0.62841797 0.64794922 0.01074219 0.00683594
0 0.91894531 0.61083984 0.01367188 0.01074219
0 0.53564453 0.77929688 0.00683594 0.00781250
0 0.29736328 0.46289062 0.02050781 0.02148438
0 0.59570312 0.65283203 0.01562500 0.02246094
0 0.62841797 0.72607422 0.00683594 0.00683594
0 0.47607422 0.99755859 0.00878906 0.00488281
0 0.93750000 0.51904297 0.02734375 0.02050781
0 0.65527344 0.58984375 0.01953125 0.02539062
0 0.33203125 0.40917969 0.01562500 0.01367188
0 0.00390625 0.72314453 0.00781250 0.00683594
0 0.21972656 0.12988281 0.02539062 0.01757812
0 0.93408203 0.00732422 0.02246094 0.01464844
0 0.96142578 0.69921875 0.01855469 0.02148438
0 0.55078125 0.75146484 0.02343750 0.02832031
0 0.54638672 0.05810547 0.00878906 0.00878906
0 0.97998047 0.69677734 0.01855469 0.02050781
0 0.77148438 0.75634766 0.01562500 0.02246094
0 0.29052734 0.53466797 0.02246094 0.02441406
0 0.49511719 0.28466797 0.01953125 0.03222656
0 0.74804688 0.64404297 0.01562500 0.01464844
0 0.62060547 0.63671875 0.00683594 0.00585938
0 0.93847656 0.65820312 0.00585938 0.00585938
0 0.80273438 0.63574219 0.02148438 0.01367188
0 0.50244141 0.99365234 0.01074219 0.01269531
0 0.12304688 0.87597656 0.02343750 0.02734375
0 0.89794922 0.63281250 0.01855469 0.02148438
0 0.62060547 0.64404297 0.00683594 0.00878906
0 0.24560547 0.73291016 0.02441406 0.02636719
0 0.58837891 0.69140625 0.02441406 0.02734375
0 0.34960938 0.17236328 0.02734375 0.02050781
0 0.48242188 0.97607422 0.00781250 0.00683594
0 0.60302734 0.64257812 0.00878906 0.00781250
0 0.91357422 0.64550781 0.02441406 0.01757812
0 0.65917969 0.77929688 0.00585938 0.00781250
0 0.85156250 0.72607422 0.01953125 0.02050781
0 0.62207031 0.67871094 0.00781250 0.00976562
0 0.93701172 0.67138672 0.00683594 0.00878906
0 0.50927734 0.95312500 0.02246094 0.02539062
0 0.92724609 0.25244141 0.01855469 0.02050781
0 0.94531250 0.74169922 0.01171875 0.01074219
0 0.99316406 0.94580078 0.01367188 0.00878906
0 0.05273438 0.41064453 0.02148438 0.02636719
0 0.69384766 0.58105469 0.02050781 0.02148438
0 0.92871094 0.60693359 0.00781250 0.00878906
0 0.48388672 0.99560547 0.01074219 0.00878906
0 0.69775391 0.63818359 0.02636719 0.01464844
0 0.30175781 0.53222656 0.00585938 0.00585938
0 0.60644531 0.73730469 0.01953125 0.02929688
0 0.37548828 0.34326172 0.02050781 0.01464844
0 0.66796875 0.60986328 0.00781250 0.00878906
0 0.61572266 0.68847656 0.00683594 0.00976562
0 0.37109375 0.20849609 0.02539062 0.02636719
0 0.25683594 0.09912109 0.01562500 0.01269531
0 0.30371094 0.43945312 0.01953125 0.02343750
0 0.86572266 0.67968750 0.02246094 0.02539062
0 0.51562500 0.76708984 0.00585938 0.00683594
0 0.73193359 0.38720703 0.00683594 0.00488281
0 0.91113281 0.67480469 0.01171875 0.01367188
0 0.53076172 0.70361328 0.02246094 0.02636719
0 0.99462891 0.70996094 0.00683594 0.00781250
0 0.89990234 0.60791016 0.00683594 0.00488281
0 0.71093750 0.70947266 0.02148438 0.02441406
0 0.66113281 0.54003906 0.02343750 0.02343750
0 0.33642578 0.66552734 0.02636719 0.02441406
