0 0.96527778 0.67777778 0.06944444 0.11111111
0 0.10972222 0.19722222 0.13611111 0.13888889
0 0.14166667 0.86111111 0.18333333 0.13333333
0 0.04722222 0.23888889 0.09444444 0.12777778
0 0.11111111 0.97916667 0.15000000 0.04166667
0 0.02500000 0.72361111 0.05000000 0.16388889
0 0.56527778 0.99444444 0.02500000 0.01111111
0 0.13472222 0.66527778 0.15833333 0.15277778
0 0.69166667 0.17222222 0.11666667 0.13333333
0 0.01944444 0.53472222 0.03888889 0.15833333
0 0.70972222 0.93750000 0.12500000 0.12500000
0 0.30972222 0.95694444 0.16944444 0.08611111
0 0.26527778 0.71666667 0.20833333 0.12777778
0 0.99444444 0.36666667 0.01111111 0.10555556
0 0.82222222 0.94444444 0.11111111 0.11111111
0 0.51250000 0.29722222 0.18055556 0.18888889
0 0.80694444 0.71111111 0.11944444 0.15555556
0 0.63333333 0.95833333 0.02222222 0.02222222
0 0.40972222 0.01250000 0.09166667 0.02500000
0 0.51805556 0.77916667 0.12500000 0.16388889
0 0.73888889 0.40416667 0.18888889 0.19722222
0 0.48194444 0.58055556 0.12500000 0.16111111
