0 0.64375000 0.68945312 0.14375000 0.15234375
0 0.08906250 0.89062500 0.10937500 0.09375000
0 0.39218750 0.74414062 0.05937500 0.06640625
0 0.98281250 0.66406250 0.03437500 0.06250000
0 0.53125000 0.80078125 0.07500000 0.11718750
0 0.22187500 0.61718750 0.06250000 0.12500000
0 0.19062500 0.52539062 0.08125000 0.08203125
0 0.83906250 0.75195312 0.04687500 0.12109375
0 0.73906250 0.36328125 0.05937500 0.08593750
0 0.87187500 0.09960938 0.03125000 0.06640625
0 0.95781250 0.03906250 0.08437500 0.07812500
0 0.87968750 0.60546875 0.17187500 0.11718750
0 0.05625000 0.67773438 0.05000000 0.16015625
0 0.64218750 0.75976562 0.09062500 0.09765625
0 0.98906250 0.48046875 0.02187500 0.07031250
0 0.39218750 0.00585938 0.04687500 0.01171875
0 0.92968750 0.95507812 0.02812500 0.08984375
0 0.83593750 0.38671875 0.11562500 0.10156250
0 0.97968750 0.96289062 0.04062500 0.07421875
0 0.12343750 0.40820312 0.04687500 0.05078125
0 0.47031250 0.01562500 0.08437500 0.03125000
0 0.99218750 0.86328125 0.01562500 0.10156250
0 0.80312500 0.86718750 0.10625000 0.15625000
0 0.31250000 0.78515625 0.08750000 0.09375000
0 0.69843750 0.87890625 0.05312500 0.13281250
0 0.98437500 0.42578125 0.03125000 0.04687500
0 0.25781250 0.91601562 0.09062500 0.06640625
0 0.00625000 0.73046875 0.01250000 0.07031250
0 0.56718750 0.14453125 0.05937500 0.12500000
0 0.09531250 0.58789062 0.06562500 0.09765625
0 0.34375000 0.02734375 0.02500000 0.03125000
0 0.26562500 0.80273438 0.07500000 0.10546875
0 0.55625000 0.04101562 0.08750000 0.08203125
0 0.96250000 0.30078125 0.07500000 0.08593750
0 0.90781250 0.34179688 0.04687500 0.07421875
0 0.98750000 0.12890625 0.02500000 0.07812500
0 0.96718750 0.37304688 0.06562500 0.05859375
0 0.30468750 0.61132812 0.08437500 0.12109375
0 0.01718750 0.56640625 0.03437500 0.11718750
0 0.37187500 0.82812500 0.11250000 0.07812500
0 0.78593750 0.03515625 0.10312500 0.07031250
0 0.07812500 0.34765625 0.07500000 0.06250000
0 0.45937500 0.72656250 0.11875000 0.10156250
0 0.82500000 0.93945312 0.16875000 0.12109375
0 0.09218750 0.79296875 0.11562500 0.08593750
0 0.92656250 0.84375000 0.05937500 0.08593750
0 0.34062500 0.99218750 0.06250000 0.01562500
0 0.00937500 0.65234375 0.01875000 0.08593750
0 0.87500000 0.01953125 0.11875000 0.03906250
0 0.14375000 0.69140625 0.07500000 0.07031250
0 0.98437500 0.59570312 0.03125000 0.07421875
0 0.31093750 0.72070312 0.05937500 0.08984375
0 0.35625000 0.90429688 0.10625000 0.10546875
0 0.25312500 0.55078125 0.08125000 0.10937500
0 0.91875000 0.17382812 0.13125000 0.10546875
0 0.21093750 0.70703125 0.06562500 0.14062500
0 0.60781250 0.92187500 0.10937500 0.13281250
0 0.37343750 0.67578125 0.11562500 0.10156250
0 0.02343750 0.98046875 0.04687500 0.03906250
0 0.02812500 0.82031250 0.05625000 0.12500000
