0 0.78674352 0.91730769 0.10374640 0.16538462
0 0.12103746 0.39423077 0.04034582 0.08076923
0 0.85302594 0.57692308 0.09798271 0.05384615
0 0.97694524 0.56923077 0.04610951 0.08461538
0 0.03025937 0.78461538 0.06051873 0.08461538
0 0.05907781 0.09423077 0.06051873 0.11923077
0 0.51296830 0.15000000 0.04034582 0.04615385
0 0.66138329 0.32115385 0.02017291 0.02692308
0 0.93227666 0.28076923 0.03746398 0.06153846
0 0.43515850 0.14615385 0.04034582 0.06153846
0 0.04899135 0.50384615 0.01729107 0.02307692
0 0.26080692 0.23653846 0.03746398 0.06538462
0 0.91642651 0.07884615 0.13256484 0.08846154
0 0.64697406 0.13846154 0.01440922 0.02307692
0 0.01585014 0.93269231 0.03170029 0.11153846
0 0.72910663 0.61538462 0.09221902 0.09230769
0 0.74351585 0.02884615 0.01729107 0.02692308
0 0.15417867 0.05961538 0.06051873 0.08076923
0 0.46541787 0.64423077 0.08357349 0.19615385
0 0.70893372 0.13269231 0.08645533 0.07307692
0 0.58501441 0.86346154 0.06340058 0.07307692
0 0.61383285 0.21153846 0.13832853 0.14615385
0 0.60086455 0.28269231 0.01440922 0.01923077
0 0.07348703 0.92500000 0.04322767 0.05769231
0 0.97118156 0.40384615 0.05763689 0.07692308
0 0.90201729 0.71346154 0.04034582 0.05000000
0 0.07204611 0.02307692 0.05187320 0.04615385
0 0.15417867 0.83269231 0.03746398 0.04230769
0 0.19452450 0.95192308 0.04322767 0.07307692
0 0.97838617 0.21346154 0.04322767 0.07307692
0 0.70461095 0.90576923 0.04322767 0.05769231
0 0.16858790 0.31538462 0.05475504 0.06153846
0 0.35734870 0.50192308 0.05187320 0.05000000
0 0.32420749 0.27500000 0.08357349 0.12692308
0 0.79538905 0.03269231 0.04610951 0.06538462
0 0.01152738 0.00961538 0.02305476 0.01153846
0 0.36743516 0.16730769 0.02017291 0.02692308
0 0.51440922 0.49038462 0.05475504 0.07307692
0 0.16570605 0.50192308 0.03746398 0.05000000
0 0.06916427 0.84230769 0.01729107 0.02307692
0 0.20749280 0.87307692 0.10374640 0.07692308
0 0.61383285 0.30961538 0.02305476 0.02692308
0 0.65129683 0.44423077 0.10374640 0.20384615
0 0.50288184 0.32500000 0.06051873 0.05000000
0 0.65129683 0.03846154 0.06340058 0.06153846
0 0.94092219 0.94615385 0.02593660 0.03076923
0 0.44956772 0.23269231 0.10951009 0.07307692
0 0.43083573 0.81538462 0.06051873 0.05384615
0 0.06195965 0.37692308 0.06051873 0.13076923
0 0.44092219 0.09807692 0.01729107 0.01923077
0 0.31700288 0.60192308 0.04034582 0.06538462
0 0.52161383 0.91538462 0.05763689 0.06923077
0 0.02017291 0.61153846 0.04034582 0.07692308
0 0.55331412 0.00769231 0.02305476 0.01538462
0 0.01008646 0.44615385 0.02017291 0.11538462
0 0.81412104 0.71346154 0.07204611 0.15769231
0 0.60662824 0.96538462 0.11239193 0.06923077
0 0.58357349 0.76730769 0.04322767 0.05000000
0 0.06628242 0.72115385 0.07492795 0.11153846
0 0.29682997 0.01538462 0.03458213 0.03076923
0 0.57060519 0.66923077 0.04610951 0.06923077
0 0.69308357 0.09230769 0.02017291 0.02307692
0 0.44956772 0.47500000 0.04610951 0.06538462
0 0.10806916 0.64423077 0.05475504 0.07307692
0 0.31988473 0.83846154 0.04610951 0.07692308
0 0.70028818 0.35192308 0.05187320 0.08076923
0 0.20172911 0.19038462 0.04610951 0.07307692
0 0.29538905 0.08461538 0.06628242 0.10000000
0 0.84005764 0.32692308 0.02017291 0.03076923
0 0.42507205 0.99038462 0.04322767 0.01923077
