0 0.58750000 0.71666667 0.13611111 0.18333333
0 0.14166667 0.93750000 0.25000000 0.10277778
0 0.80000000 0.02916667 0.15555556 0.05833333
0 0.63194444 0.46388889 0.11944444 0.18333333
0 0.00833333 0.69444444 0.01666667 0.10555556
0 0.96805556 0.66666667 0.06388889 0.14444444
0 0.20138889 0.48472222 0.18611111 0.15833333
0 0.71666667 0.95694444 0.11666667 0.08611111
0 0.43472222 0.79305556 0.15833333 0.13611111
0 0.10555556 0.24722222 0.11666667 0.16111111
0 0.36527778 0.58194444 0.11944444 0.16944444
0 0.00416667 0.39722222 0.00833333 0.04444444
0 0.49722222 0.27777778 0.15555556 0.21111111
0 0.51527778 0.77222222 0.01388889 0.02222222
0 0.80277778 0.34027778 0.19444444 0.11388889
0 0.23750000 0.06250000 0.13055556 0.12500000
0 0.95000000 0.48888889 0.10000000 0.11111111
0 0.62500000 0.01250000 0.07777778 0.02500000
