0 0.62890625 0.22265625 0.03906250 0.03906250
0 0.93554688 0.04882812 0.04296875 0.05859375
0 0.51757812 0.10742188 0.03515625 0.05859375
0 0.81054688 0.57226562 0.03515625 0.05078125
0 0.84960938 0.07421875 0.04296875 0.05468750
0 0.60156250 0.06835938 0.05468750 0.05859375
0 0.86914062 0.28320312 0.05859375 0.05078125
0 0.98046875 0.14257812 0.03906250 0.05078125
0 0.77539062 0.24414062 0.04296875 0.03515625
0 0.33593750 0.18359375 0.06250000 0.04687500
0 0.85546875 0.61132812 0.04687500 0.07421875
0 0.35742188 0.01953125 0.05078125 0.03906250
0 0.66210938 0.28710938 0.04296875 0.04296875
0 0.57617188 0.01757812 0.03515625 0.03515625
