0 0.88333333 0.53055556 0.16111111 0.15000000
0 0.37222222 0.91666667 0.23888889 0.16666667
0 0.29861111 0.37500000 0.16388889 0.12222222
0 0.60138889 0.09444444 0.18611111 0.18888889
0 0.25416667 0.98333333 0.10833333 0.03333333
0 0.12916667 0.94305556 0.16944444 0.11388889
0 0.80000000 0.80277778 0.16111111 0.16666667
0 0.88194444 0.30138889 0.16388889 0.14166667
0 0.80694444 0.07500000 0.18055556 0.12777778
0 0.69861111 0.55416667 0.18611111 0.11944444
0 0.13611111 0.59583333 0.13888889 0.15277778
0 0.52361111 0.55555556 0.11944444 0.18888889
0 0.29583333 0.70277778 0.16388889 0.14444444
0 0.27638889 0.22083333 0.15277778 0.13611111
0 0.09861111 0.28750000 0.15833333 0.20277778
0 0.57638889 0.84722222 0.08055556 0.10555556
0 0.94305556 0.99722222 0.05277778 0.00555556
