0 0.23242188 0.00585938 0.04296875 0.01171875
0 0.82617188 0.65429688 0.04296875 0.04296875
0 0.01367188 0.22460938 0.02734375 0.04296875
0 0.92773438 0.23242188 0.04296875 0.04296875
0 0.87304688 0.70117188 0.04296875 0.04296875
0 0.58203125 0.13281250 0.04687500 0.04687500
0 0.61914062 0.02343750 0.05078125 0.04687500
0 0.86328125 0.36132812 0.03906250 0.05859375
0 0.96289062 0.27148438 0.03515625 0.03515625
0 0.58203125 0.27929688 0.03906250 0.03515625
0 0.20898438 0.02148438 0.04296875 0.03515625
0 0.10351562 0.14453125 0.04296875 0.03906250
0 0.50976562 0.37109375 0.05078125 0.04687500
0 0.93164062 0.82812500 0.03515625 0.05468750
0 0.57421875 0.45117188 0.03906250 0.05859375
0 0.41796875 0.46093750 0.03125000 0.04687500
0 0.64257812 0.45312500 0.04296875 0.05468750
0 0.88671875 0.31250000 0.03125000 0.03906250
0 0.01171875 0.03125000 0.02343750 0.03906250
0 0.35937500 0.03515625 0.04687500 0.03125000
0 0.74609375 0.85742188 0.05468750 0.05078125
0 0.39843750 0.36523438 0.03125000 0.05859375
0 0.50585938 0.42773438 0.04296875 0.04296875
0 0.99218750 0.31640625 0.01562500 0.03906250
0 0.44726562 0.17968750 0.03515625 0.04687500
0 0.51367188 0.01953125 0.04296875 0.03906250
0 0.38281250 0.12890625 0.04687500 0.03906250
0 0.94531250 0.52734375 0.05468750 0.05468750
0 0.89843750 0.02343750 0.03906250 0.04687500
0 0.01953125 0.60546875 0.03906250 0.04687500
0 0.83593750 0.50195312 0.03906250 0.04296875
0 0.73632812 0.32421875 0.04296875 0.03906250
0 0.45898438 0.01171875 0.03515625 0.02343750
0 0.68750000 0.78125000 0.03125000 0.04687500
0 0.99023438 0.40625000 0.01953125 0.03906250
0 0.09765625 0.11914062 0.03125000 0.02734375
0 0.01953125 0.37890625 0.03906250 0.03906250
0 0.12109375 0.50000000 0.03125000 0.04687500
0 0.81835938 0.37500000 0.03515625 0.03906250
0 0.01171875 0.49414062 0.02343750 0.04296875
0 0.49609375 0.51562500 0.03906250 0.03906250
0 0.83789062 0.28710938 0.03515625 0.03515625
0 0.92382812 0.72656250 0.04296875 0.03906250
0 0.67968750 0.28710938 0.03125000 0.04296875
0 0.35546875 0.17382812 0.03906250 0.05078125
0 0.33789062 0.45312500 0.03515625 0.03125000
0 0.64648438 0.60351562 0.03515625 0.03515625
0 0.81250000 0.08789062 0.06250000 0.05859375
0 0.91015625 0.19726562 0.02343750 0.02734375
0 0.16796875 0.37500000 0.05468750 0.03906250
0 0.19531250 0.76562500 0.03906250 0.04687500
0 0.67382812 0.14062500 0.05078125 0.03906250
0 0.75781250 0.28710938 0.03906250 0.05078125
0 0.94726562 0.10156250 0.05078125 0.06250000
0 0.60351562 0.76171875 0.04296875 0.03906250
0 0.52929688 0.23632812 0.04296875 0.03515625
0 0.00976562 0.33203125 0.01953125 0.03125000
0 0.99218750 0.66015625 0.01562500 0.03906250
0 0.17968750 0.51171875 0.03906250 0.04687500
0 0.27148438 0.50976562 0.02734375 0.03515625
0 0.65820312 0.73632812 0.05078125 0.03515625
0 0.05078125 0.21875000 0.03125000 0.03906250
0 0.79882812 0.52734375 0.05078125 0.04687500
0 0.09179688 0.29492188 0.04296875 0.04296875
0 0.90429688 0.70312500 0.03515625 0.03906250
0 0.89062500 0.16406250 0.03125000 0.03125000
0 0.61718750 0.56835938 0.06250000 0.04296875
0 0.20703125 0.74218750 0.03125000 0.03906250
0 0.52734375 0.60742188 0.04687500 0.04296875
0 0.83984375 0.21875000 0.04687500 0.03906250
0 0.77539062 0.44335938 0.04296875 0.03515625
0 0.90234375 0.41015625 0.03906250 0.04687500
