0 0.31445312 0.45312500 0.08203125 0.06250000
0 0.83984375 0.67382812 0.08593750 0.09765625
0 0.71679688 0.34375000 0.05078125 0.06250000
0 0.64843750 0.45117188 0.11718750 0.10546875
0 0.75000000 0.01562500 0.07031250 0.03125000
0 0.58398438 0.19921875 0.08984375 0.08593750
0 0.87109375 0.98437500 0.07031250 0.03125000
0 0.04687500 0.42382812 0.09375000 0.09765625
0 0.00781250 0.94531250 0.01562500 0.04687500
0 0.97070312 0.52343750 0.05859375 0.07031250
0 0.66210938 0.06054688 0.07421875 0.06640625
0 0.97460938 0.35546875 0.05078125 0.10156250
0 0.00585938 0.86718750 0.01171875 0.06250000
0 0.67187500 0.60546875 0.07031250 0.07812500
0 0.87109375 0.58007812 0.07812500 0.07421875
0 0.90039062 0.78710938 0.08984375 0.09765625
0 0.15234375 0.16796875 0.09375000 0.07031250
0 0.09375000 0.60156250 0.10937500 0.09375000
0 0.74609375 0.66015625 0.06250000 0.07031250
0 0.48437500 0.95898438 0.10937500 0.08203125
0 0.10156250 0.85546875 0.07031250 0.07031250
0 0.69335938 0.29101562 0.08984375 0.09765625
0 0.20703125 0.98437500 0.10937500 0.03125000
0 0.04882812 0.78710938 0.09765625 0.08984375
0 0.77929688 0.52929688 0.09765625 0.08984375
0 0.59570312 0.92773438 0.06640625 0.05859375
0 0.95898438 0.87695312 0.08203125 0.06640625
0 0.21875000 0.93164062 0.08593750 0.06640625
0 0.26367188 0.54101562 0.09765625 0.09765625
0 0.53906250 0.33398438 0.08593750 0.08203125
0 0.76171875 0.41796875 0.09375000 0.10156250
0 0.75000000 0.11132812 0.07031250 0.07421875
0 0.04882812 0.13085938 0.09765625 0.10546875
0 0.24609375 0.75976562 0.10156250 0.08984375
0 0.48437500 0.59570312 0.07812500 0.07421875
0 0.19335938 0.68750000 0.08203125 0.07812500
0 0.97656250 0.01367188 0.04687500 0.02734375
0 0.55664062 0.49609375 0.08203125 0.09375000
0 0.09179688 0.95703125 0.08203125 0.07031250
0 0.47460938 0.46875000 0.08203125 0.10937500
0 0.02343750 0.24804688 0.04687500 0.09765625
0 0.30859375 0.21093750 0.07812500 0.07812500
0 0.34960938 0.72265625 0.07421875 0.07812500
0 0.43945312 0.28710938 0.12109375 0.11328125
0 0.16015625 0.86523438 0.06250000 0.05078125
0 0.77343750 0.82812500 0.09375000 0.08593750
0 0.21289062 0.39843750 0.08984375 0.09375000
0 0.76757812 0.97656250 0.08203125 0.04687500
0 0.48242188 0.83593750 0.08984375 0.10937500
0 0.51562500 0.12304688 0.10156250 0.10546875
0 0.45507812 0.68164062 0.07421875 0.08984375
0 0.53125000 0.74023438 0.07812500 0.08203125
0 0.09570312 0.71875000 0.08984375 0.08593750
0 0.37695312 0.47265625 0.07421875 0.05468750
0 0.96484375 0.67187500 0.07031250 0.09375000
0 0.38671875 0.37304688 0.10156250 0.08984375
0 0.63867188 0.54882812 0.08203125 0.07421875
0 0.28515625 0.30468750 0.09375000 0.07812500
0 0.35546875 0.64843750 0.10156250 0.08593750
0 0.26367188 0.86523438 0.08203125 0.07421875
0 0.17578125 0.24609375 0.08593750 0.07031250
0 0.57421875 0.64062500 0.07812500 0.07812500
0 0.39453125 0.83203125 0.08593750 0.10156250
0 0.36328125 0.94921875 0.11718750 0.10156250
0 0.90625000 0.92382812 0.07031250 0.08203125
0 0.89843750 0.00585938 0.03125000 0.01171875
0 0.57812500 0.01171875 0.04687500 0.02343750
0 0.37304688 0.19726562 0.06640625 0.06640625
0 0.68750000 0.97265625 0.05468750 0.05468750
0 0.52734375 0.87109375 0.07031250 0.07031250
0 0.76562500 0.89257812 0.10937500 0.07421875
0 0.13867188 0.64648438 0.08203125 0.07421875
0 0.74023438 0.21679688 0.09765625 0.08984375
0 0.61914062 0.78515625 0.08203125 0.07812500
0 0.05273438 0.89257812 0.08203125 0.08203125
0 0.35156250 0.50390625 0.07031250 0.05468750
