0 0.30273438 0.02148438 0.01953125 0.01953125
0 0.80273438 0.25976562 0.02734375 0.03515625
0 0.96875000 0.79296875 0.02343750 0.02343750
0 0.22070312 0.13085938 0.02734375 0.01953125
0 0.98828125 0.83007812 0.02343750 0.03515625
0 0.24023438 0.13867188 0.01953125 0.01953125
0 0.20117188 0.13867188 0.01953125 0.01953125
0 0.94531250 0.89257812 0.04687500 0.04296875
0 0.36132812 0.60156250 0.05078125 0.05468750
0 0.74218750 0.63281250 0.02343750 0.03906250
0 0.94921875 0.82031250 0.02343750 0.02343750
0 0.65820312 0.01562500 0.05078125 0.03125000
0 0.98828125 0.68750000 0.02343750 0.02343750
0 0.70117188 0.95507812 0.02734375 0.02734375
0 0.83984375 0.70898438 0.04687500 0.04296875
0 0.17187500 0.05664062 0.04687500 0.04296875
0 0.11914062 0.66992188 0.07421875 0.07421875
0 0.98632812 0.71484375 0.02734375 0.03906250
0 0.23242188 0.81835938 0.03515625 0.03515625
0 0.67773438 0.59375000 0.07421875 0.07031250
0 0.98046875 0.89843750 0.03125000 0.03906250
0 0.25390625 0.23632812 0.04687500 0.03515625
0 0.51367188 0.50781250 0.05078125 0.06250000
0 0.74609375 0.16015625 0.03906250 0.04687500
0 0.19726562 0.03320312 0.05078125 0.04296875
0 0.60742188 0.66210938 0.03515625 0.03515625
0 0.59570312 0.04492188 0.04296875 0.04296875
0 0.18554688 0.37109375 0.04296875 0.08593750
0 0.94726562 0.21875000 0.05078125 0.05468750
0 0.08007812 0.25781250 0.05859375 0.04687500
0 0.24218750 0.49414062 0.03906250 0.04296875
0 0.41406250 0.60937500 0.03125000 0.03906250
0 0.89062500 0.02148438 0.07031250 0.04296875
0 0.53906250 0.05664062 0.05468750 0.05859375
0 0.08007812 0.14257812 0.02734375 0.02734375
0 0.03125000 0.49023438 0.05468750 0.05859375
0 0.21289062 0.17578125 0.07421875 0.07812500
0 0.69335938 0.43164062 0.05859375 0.05078125
0 0.73437500 0.97070312 0.03125000 0.03515625
0 0.81445312 0.26953125 0.06640625 0.05468750
0 0.32812500 0.53710938 0.04687500 0.05078125
0 0.20117188 0.07226562 0.02734375 0.03515625
0 0.81445312 0.19335938 0.01953125 0.03515625
0 0.01757812 0.98437500 0.03515625 0.03125000
0 0.13085938 0.41796875 0.07421875 0.07031250
0 0.22851562 0.11328125 0.01953125 0.02343750
0 0.06445312 0.01562500 0.03515625 0.03125000
0 0.08984375 0.00781250 0.03125000 0.01562500
0 0.70898438 0.98046875 0.03515625 0.03906250
0 0.43750000 0.01171875 0.03906250 0.02343750
0 0.32421875 0.01953125 0.02343750 0.02343750
0 0.45117188 0.54882812 0.04296875 0.03515625
0 0.57421875 0.16015625 0.06250000 0.05468750
0 0.17382812 0.74804688 0.04296875 0.04296875
0 0.50195312 0.67773438 0.05078125 0.04296875
0 0.03710938 0.25585938 0.03515625 0.04296875
0 0.11328125 0.09765625 0.03125000 0.03906250
0 0.35156250 0.03320312 0.02343750 0.01953125
0 0.77148438 0.24414062 0.01953125 0.01953125
0 0.99023438 0.75390625 0.01953125 0.03906250
0 0.96093750 0.84375000 0.03125000 0.03125000
0 0.01367188 0.02343750 0.02734375 0.04687500
0 0.98242188 0.66601562 0.02734375 0.03515625
0 0.22851562 0.21679688 0.01953125 0.01953125
0 0.85937500 0.14843750 0.03906250 0.03906250
0 0.01757812 0.41210938 0.03515625 0.05078125
