0 0.13671875 0.43945312 0.08593750 0.08984375
0 0.12695312 0.35742188 0.08984375 0.08203125
0 0.29492188 0.38281250 0.09765625 0.08593750
0 0.51757812 0.83789062 0.11328125 0.11328125
0 0.16015625 0.15820312 0.10156250 0.09765625
0 0.75585938 0.01953125 0.09765625 0.03906250
0 0.15234375 0.56445312 0.09375000 0.11328125
0 0.31445312 0.14843750 0.09765625 0.10156250
0 0.67382812 0.54882812 0.08984375 0.08984375
0 0.04101562 0.20312500 0.08203125 0.07812500
0 0.30273438 0.48632812 0.14453125 0.09765625
0 0.05273438 0.92578125 0.10546875 0.14843750
0 0.29492188 0.03320312 0.08203125 0.06640625
0 0.67773438 0.05078125 0.14453125 0.10156250
0 0.04882812 0.44335938 0.08203125 0.08984375
0 0.38085938 0.28515625 0.11328125 0.11718750
0 0.21289062 0.07812500 0.08203125 0.07812500
0 0.00976562 0.37304688 0.01953125 0.07421875
0 0.40039062 0.64257812 0.09765625 0.08984375
0 0.13867188 0.93164062 0.08203125 0.12109375
0 0.56640625 0.95703125 0.09375000 0.08593750
0 0.58203125 0.39648438 0.10156250 0.10546875
0 0.07031250 0.28710938 0.11718750 0.11328125
0 0.21093750 0.96484375 0.08593750 0.07031250
0 0.63476562 0.77734375 0.09765625 0.10937500
0 0.01953125 0.02734375 0.03906250 0.05468750
0 0.63085938 0.92773438 0.08203125 0.08203125
0 0.03125000 0.82226562 0.06250000 0.09765625
