0 0.15312500 0.03710938 0.08125000 0.05078125
0 0.71093750 0.90039062 0.05937500 0.08984375
0 0.54062500 0.77929688 0.04375000 0.08984375
0 0.44218750 0.21484375 0.04062500 0.07031250
0 0.25625000 0.23437500 0.06250000 0.07031250
0 0.60156250 0.52539062 0.05937500 0.05859375
0 0.55625000 0.26757812 0.05000000 0.08203125
0 0.45156250 0.88281250 0.05937500 0.07031250
0 0.42187500 0.75585938 0.05625000 0.08203125
0 0.57500000 0.39062500 0.06250000 0.09375000
0 0.59687500 0.28320312 0.03750000 0.05078125
0 0.01406250 0.94140625 0.02812500 0.04687500
0 0.41093750 0.64257812 0.06562500 0.09765625
0 0.59375000 0.47070312 0.06250000 0.08984375
0 0.55312500 0.21875000 0.04375000 0.07031250
0 0.42968750 0.28710938 0.02187500 0.02734375
0 0.50937500 0.07617188 0.03750000 0.11328125
0 0.48125000 0.72070312 0.03750000 0.08984375
0 0.36718750 0.26953125 0.03437500 0.08593750
0 0.75000000 0.95703125 0.06250000 0.08593750
0 0.29218750 0.15234375 0.02812500 0.04687500
0 0.15312500 0.98242188 0.03125000 0.03515625
0 0.21875000 0.10742188 0.02500000 0.03515625
0 0.50312500 0.98046875 0.05625000 0.03906250
0 0.31875000 0.05664062 0.08125000 0.11328125
0 0.63906250 0.91601562 0.04062500 0.06640625
0 0.68437500 0.82421875 0.06875000 0.09375000
0 0.43437500 0.46093750 0.02500000 0.05468750
0 0.31875000 0.38281250 0.07500000 0.07031250
0 0.46718750 0.45507812 0.01562500 0.05078125
0 0.63593750 0.67187500 0.06562500 0.07031250
0 0.27500000 0.31054688 0.07500000 0.05078125
0 0.65625000 0.73242188 0.06875000 0.08984375
0 0.48281250 0.03125000 0.04687500 0.06250000
0 0.15625000 0.12304688 0.06875000 0.04296875
0 0.57343750 0.88281250 0.04062500 0.05468750
0 0.09843750 0.95507812 0.06562500 0.08984375
0 0.48750000 0.15820312 0.01875000 0.03515625
0 0.03281250 0.86914062 0.06562500 0.08984375
0 0.43281250 0.94921875 0.06562500 0.07031250
0 0.32968750 0.12695312 0.02812500 0.04296875
0 0.48125000 0.50976562 0.03125000 0.05859375
0 0.62500000 0.62695312 0.06875000 0.08203125
0 0.76406250 0.99218750 0.02812500 0.01562500
0 0.39218750 0.14062500 0.04062500 0.07031250
0 0.52968750 0.91406250 0.02187500 0.07031250
0 0.32500000 0.23632812 0.03125000 0.04296875
0 0.29218750 0.09179688 0.02812500 0.05859375
0 0.37656250 0.54101562 0.04687500 0.05078125
0 0.37031250 0.08789062 0.04062500 0.07421875
0 0.54218750 0.14648438 0.04687500 0.08203125
0 0.37812500 0.37500000 0.03125000 0.05468750
0 0.60000000 0.97851562 0.03750000 0.04296875
0 0.47343750 0.55859375 0.02187500 0.03906250
