0 0.58984375 0.76367188 0.08593750 0.08203125
0 0.14257812 0.92578125 0.06640625 0.07031250
0 0.23242188 0.90039062 0.01953125 0.01953125
0 0.08007812 0.99414062 0.03515625 0.01171875
0 0.35937500 0.42578125 0.08593750 0.08593750
0 0.42968750 0.59375000 0.11718750 0.10937500
0 0.07421875 0.91992188 0.05468750 0.06640625
0 0.98828125 0.16796875 0.02343750 0.07812500
0 0.46875000 0.70703125 0.11718750 0.11718750
0 0.59179688 0.41992188 0.06640625 0.08984375
0 0.75390625 0.55273438 0.07031250 0.08984375
0 0.72265625 0.42773438 0.07031250 0.06640625
0 0.48828125 0.48828125 0.13281250 0.11718750
0 0.87500000 0.47265625 0.09375000 0.07812500
0 0.99023438 0.01562500 0.01953125 0.03125000
0 0.56835938 0.63085938 0.08203125 0.08203125
0 0.28906250 0.94140625 0.08593750 0.08593750
0 0.27539062 0.58984375 0.11328125 0.10937500
0 0.88671875 0.72851562 0.05468750 0.05078125
0 0.77734375 0.67968750 0.08593750 0.07031250
0 0.97070312 0.44921875 0.05859375 0.07812500
0 0.92773438 0.26367188 0.09765625 0.09765625
0 0.46875000 0.98242188 0.08593750 0.03515625
0 0.79492188 0.21093750 0.08984375 0.12500000
0 0.60742188 0.90625000 0.06640625 0.06250000
0 0.86523438 0.59375000 0.08203125 0.07812500
0 0.46289062 0.37304688 0.07421875 0.06640625
0 0.24023438 0.79687500 0.07421875 0.07031250
0 0.14257812 0.49218750 0.07421875 0.07031250
0 0.91210938 0.09570312 0.08984375 0.08203125
0 0.63867188 0.53125000 0.07421875 0.07031250
0 0.96093750 0.68359375 0.07812500 0.11718750
0 0.69531250 0.56445312 0.03906250 0.04296875
0 0.04296875 0.87304688 0.08593750 0.09765625
0 0.50000000 0.86718750 0.08593750 0.09375000
0 0.83007812 0.75976562 0.01953125 0.01953125
0 0.36132812 0.69140625 0.07421875 0.07031250
0 0.83007812 0.35742188 0.09765625 0.08203125
