0 0.72070312 0.82812500 0.05078125 0.05468750
0 0.58789062 0.54882812 0.05859375 0.04296875
0 0.41210938 0.25781250 0.05859375 0.04687500
0 0.86523438 0.10351562 0.06640625 0.04296875
0 0.66992188 0.10742188 0.05078125 0.03515625
0 0.84375000 0.97265625 0.06250000 0.05468750
0 0.20507812 0.50195312 0.05078125 0.04296875
0 0.27734375 0.20898438 0.04687500 0.05078125
0 0.99023438 0.66210938 0.01953125 0.04296875
0 0.21093750 0.41015625 0.05468750 0.04687500
0 0.34179688 0.82031250 0.04296875 0.05468750
0 0.79687500 0.70312500 0.05468750 0.04687500
0 0.29101562 0.27343750 0.03515625 0.04687500
0 0.56054688 0.42773438 0.06640625 0.04296875
0 0.16992188 0.35937500 0.05078125 0.05468750
0 0.94921875 0.26171875 0.06250000 0.04687500
0 0.01171875 0.16015625 0.02343750 0.04687500
0 0.82226562 0.50000000 0.05859375 0.04687500
0 0.19921875 0.96289062 0.04687500 0.04296875
0 0.69335938 0.35156250 0.05859375 0.04687500
0 0.58203125 0.73046875 0.04687500 0.05468750
0 0.42382812 0.47656250 0.04296875 0.04687500
0 0.00976562 0.98632812 0.01953125 0.02734375
0 0.17187500 0.28515625 0.03906250 0.05468750
0 0.96484375 0.33203125 0.05468750 0.04687500
0 0.55078125 0.98242188 0.04687500 0.03515625
0 0.41601562 0.73242188 0.04296875 0.05859375
0 0.04687500 0.92968750 0.05468750 0.05468750
0 0.71679688 0.42968750 0.05078125 0.04687500
0 0.97070312 0.52734375 0.05859375 0.04687500
0 0.18164062 0.72460938 0.05078125 0.03515625
0 0.66406250 0.03710938 0.06250000 0.05078125
0 0.78125000 0.29101562 0.05468750 0.05859375
0 0.02148438 0.58203125 0.04296875 0.05468750
0 0.62695312 0.32031250 0.05859375 0.04687500
0 0.48828125 0.37304688 0.05468750 0.05078125
0 0.59570312 0.29492188 0.05859375 0.05078125
0 0.84375000 0.80468750 0.06250000 0.04687500
0 0.88671875 0.13085938 0.05468750 0.05078125
0 0.76562500 0.05078125 0.05468750 0.03906250
