0 0.41015625 0.12500000 0.08593750 0.07812500
0 0.30468750 0.70898438 0.10156250 0.09765625
0 0.67968750 0.40234375 0.11718750 0.10937500
0 0.73437500 0.50781250 0.10937500 0.08593750
0 0.77539062 0.42578125 0.07421875 0.06250000
0 0.53320312 0.00781250 0.08203125 0.01562500
0 0.44335938 0.04882812 0.14453125 0.06640625
0 0.52734375 0.32812500 0.07812500 0.07031250
0 0.34570312 0.53906250 0.10546875 0.09375000
0 0.41601562 0.68945312 0.08984375 0.08203125
0 0.82031250 0.03320312 0.10937500 0.06640625
0 0.55273438 0.67187500 0.06640625 0.07031250
0 0.98437500 0.18164062 0.03125000 0.09765625
0 0.99218750 0.40625000 0.01562500 0.06250000
0 0.33593750 0.03710938 0.06250000 0.07421875
0 0.74414062 0.66406250 0.09765625 0.09375000
0 0.92578125 0.06054688 0.09375000 0.06640625
0 0.68554688 0.97265625 0.09765625 0.05468750
0 0.94531250 0.00781250 0.08593750 0.01562500
0 0.77343750 0.30078125 0.10156250 0.10156250
0 0.92187500 0.41796875 0.08593750 0.09375000
0 0.18554688 0.64257812 0.09765625 0.09765625
0 0.72851562 0.57812500 0.12109375 0.07812500
0 0.56640625 0.42773438 0.06250000 0.06640625
0 0.36914062 0.60351562 0.08984375 0.08203125
0 0.24609375 0.53906250 0.05468750 0.05468750
0 0.47460938 0.98828125 0.06640625 0.02343750
0 0.84570312 0.62500000 0.09765625 0.10156250
0 0.27148438 0.01367188 0.05078125 0.02734375
0 0.94726562 0.28320312 0.08203125 0.08203125
0 0.99218750 0.07226562 0.01562500 0.06640625
