0 0.70312500 0.12304688 0.06250000 0.04296875
0 0.24414062 0.95117188 0.05859375 0.09765625
0 0.79882812 0.74023438 0.05078125 0.05078125
0 0.02343750 0.05273438 0.04687500 0.04296875
0 0.41601562 0.11523438 0.05078125 0.05078125
0 0.58398438 0.81445312 0.05078125 0.04296875
0 0.58593750 0.85156250 0.04687500 0.04687500
0 0.11328125 0.87695312 0.03125000 0.05078125
0 0.16015625 0.60937500 0.04687500 0.05468750
0 0.41601562 0.17578125 0.05078125 0.03906250
0 0.50390625 0.60156250 0.06250000 0.05468750
0 0.76171875 0.58398438 0.06250000 0.05078125
0 0.02343750 0.30468750 0.04687500 0.05468750
0 0.90234375 0.16992188 0.06250000 0.05078125
0 0.57031250 0.77343750 0.04687500 0.04687500
0 0.19921875 0.80273438 0.03906250 0.08203125
0 0.47656250 0.88281250 0.04687500 0.06250000
0 0.32031250 0.78320312 0.04687500 0.08203125
0 0.19335938 0.35156250 0.05078125 0.05468750
0 0.22265625 0.10351562 0.05468750 0.04296875
0 0.84179688 0.73242188 0.05078125 0.05078125
0 0.22460938 0.23242188 0.05078125 0.04296875
0 0.44726562 0.25585938 0.05859375 0.04296875
0 0.16015625 0.25585938 0.05468750 0.04296875
0 0.36718750 0.97070312 0.03906250 0.05859375
0 0.16796875 0.41992188 0.04687500 0.04296875
0 0.46875000 0.42773438 0.05468750 0.05078125
0 0.35351562 0.09765625 0.05078125 0.04687500
0 0.31250000 0.28125000 0.05468750 0.03906250
0 0.64648438 0.33007812 0.05078125 0.04296875
0 0.57812500 0.63867188 0.05468750 0.05078125
0 0.06445312 0.77539062 0.03515625 0.05859375
0 0.62109375 0.21289062 0.05468750 0.04296875
0 0.69140625 0.39453125 0.04687500 0.04687500
0 0.71875000 0.08984375 0.05468750 0.03906250
0 0.36328125 0.52734375 0.07031250 0.07031250
0 0.99218750 0.37500000 0.01562500 0.03906250
0 0.95898438 0.32421875 0.05859375 0.03906250
0 0.93945312 0.90039062 0.05859375 0.04296875
0 0.34765625 0.19921875 0.05468750 0.03906250
0 0.02734375 0.76757812 0.03906250 0.05078125
