0 0.62715517 0.82788462 0.04166667 0.05961538
0 0.50790230 0.29326923 0.03591954 0.05961538
0 0.14583333 0.16826923 0.04454023 0.05961538
0 0.50718391 0.08365385 0.05747126 0.05961538
0 0.21120690 0.65961538 0.03735632 0.05384615
0 0.00646552 0.61538462 0.01293103 0.06538462
0 0.93965517 0.44134615 0.04310345 0.07884615
0 0.02658046 0.25961538 0.05316092 0.03461538
0 0.97988506 0.43942308 0.04022989 0.06730769
0 0.48491379 0.44903846 0.03304598 0.05961538
0 0.63433908 0.28365385 0.05028736 0.05961538
0 0.26364943 0.72019231 0.03879310 0.06730769
0 0.88290230 0.01634615 0.02729885 0.03269231
0 0.19468391 0.59134615 0.03591954 0.05961538
0 0.96910920 0.94230769 0.05028736 0.05000000
0 0.64439655 0.39038462 0.04454023 0.04615385
0 0.62571839 0.47980769 0.04166667 0.05961538
0 0.29669540 0.61442308 0.03017241 0.05192308
0 0.38649425 0.89230769 0.06321839 0.05000000
0 0.41738506 0.47403846 0.05316092 0.05961538
0 0.49640805 0.01346154 0.03879310 0.02692308
0 0.61350575 0.16442308 0.04885057 0.05192308
0 0.49425287 0.20769231 0.04597701 0.05000000
0 0.34985632 0.19711538 0.02729885 0.04423077
0 0.11709770 0.79423077 0.06465517 0.06153846
0 0.98419540 0.13942308 0.03160920 0.07500000
0 0.11781609 0.34615385 0.04310345 0.06153846
0 0.11350575 0.19903846 0.03735632 0.06730769
0 0.25143678 0.62692308 0.03448276 0.05769231
0 0.39727011 0.77980769 0.05028736 0.04038462
0 0.81968391 0.94038462 0.02442529 0.07692308
0 0.05747126 0.70192308 0.04885057 0.08076923
0 0.42528736 0.99230769 0.02298851 0.01538462
0 0.21910920 0.46826923 0.04166667 0.05192308
0 0.35129310 0.82500000 0.04454023 0.04230769
0 0.07974138 0.56153846 0.04454023 0.06538462
0 0.82327586 0.41923077 0.05459770 0.07692308
0 0.49353448 0.54807692 0.03879310 0.06538462
0 0.16810345 0.87500000 0.04597701 0.04230769
0 0.55531609 0.35096154 0.05028736 0.05576923
0 0.33189655 0.49038462 0.04022989 0.05384615
0 0.29166667 0.01923077 0.04597701 0.03846154
0 0.76508621 0.92692308 0.04166667 0.06538462
0 0.35919540 0.67980769 0.03735632 0.04807692
0 0.36853448 0.07596154 0.03879310 0.09423077
0 0.40301724 0.60576923 0.03304598 0.06153846
0 0.70474138 0.08942308 0.04454023 0.05192308
0 0.15086207 0.73653846 0.04022989 0.05384615
0 0.88793103 0.53846154 0.03448276 0.05769231
0 0.96695402 0.73750000 0.04597701 0.06346154
0 0.42456897 0.38942308 0.05316092 0.04807692
0 0.57543103 0.59038462 0.03591954 0.08461538
0 0.14942529 0.00769231 0.01724138 0.01538462
0 0.06393678 0.49230769 0.04741379 0.06153846
0 0.45905172 0.59519231 0.04166667 0.05576923
0 0.85129310 0.62596154 0.05603448 0.04423077
0 0.02729885 0.20000000 0.04310345 0.04615385
0 0.68103448 0.98461538 0.04022989 0.03076923
0 0.95545977 0.57403846 0.04022989 0.05576923
0 0.33764368 0.14711538 0.03448276 0.05576923
0 0.10991379 0.42692308 0.04454023 0.06538462
0 0.19109195 0.11057692 0.04597701 0.05576923
0 0.53160920 0.94134615 0.03448276 0.07884615
0 0.23204023 0.16057692 0.03304598 0.06730769
0 0.95474138 0.67980769 0.07040230 0.04807692
0 0.06178161 0.88076923 0.03160920 0.06923077
0 0.22413793 0.26826923 0.03448276 0.05192308
0 0.47844828 0.90384615 0.04885057 0.06538462
0 0.27873563 0.21442308 0.03735632 0.05961538
0 0.37140805 0.98461538 0.03879310 0.03076923
0 0.54813218 0.10096154 0.05028736 0.08269231
0 0.71336207 0.54134615 0.05028736 0.05192308
0 0.13433908 0.53269231 0.03879310 0.05384615
0 0.68965517 0.24903846 0.04022989 0.07884615
0 0.96767241 0.38076923 0.05028736 0.05384615
0 0.77083333 0.11923077 0.03591954 0.07692308
0 0.15660920 0.97019231 0.05172414 0.05961538
0 0.84770115 0.11442308 0.03448276 0.08269231
0 0.42241379 0.05865385 0.03735632 0.07500000
0 0.75071839 0.37692308 0.04166667 0.07307692
0 0.50502874 0.78173077 0.06465517 0.04807692
0 0.66091954 0.86442308 0.04597701 0.05576923
0 0.73491379 0.81730769 0.04166667 0.06538462
0 0.99353448 0.81538462 0.01293103 0.03076923
0 0.16738506 0.69230769 0.03879310 0.06153846
0 0.26508621 0.85192308 0.04454023 0.05000000
0 0.54022989 0.41730769 0.04597701 0.04615385
0 0.90876437 0.25384615 0.05603448 0.05384615
0 0.29741379 0.30000000 0.04885057 0.04230769
0 0.82758621 0.52980769 0.05459770 0.05961538
0 0.11566092 0.65865385 0.04166667 0.05961538
0 0.33908046 0.09519231 0.04885057 0.07884615
0 0.11925287 0.02596154 0.03735632 0.05192308
0 0.04885057 0.52403846 0.03735632 0.07115385
0 0.44252874 0.32211538 0.08333333 0.06730769
0 0.83620690 0.79519231 0.05459770 0.06730769
0 0.17241379 0.40192308 0.04310345 0.04615385
0 0.60488506 0.72403846 0.06034483 0.04423077
0 0.81106322 0.36538462 0.03879310 0.06153846
0 0.55387931 0.84230769 0.04454023 0.05769231
0 0.58836207 0.97692308 0.03879310 0.04615385
0 0.93318966 0.10865385 0.03591954 0.07884615
0 0.73635057 0.73365385 0.04741379 0.05961538
0 0.61063218 0.23653846 0.06034483 0.05384615
0 0.51077586 0.70288462 0.03879310 0.05192308
0 0.08117816 0.98365385 0.03591954 0.03269231
0 0.75502874 0.28173077 0.04454023 0.07500000
0 0.16522989 0.19519231 0.04597701 0.07884615
0 0.28520115 0.38365385 0.04166667 0.04038462
0 0.86422414 0.96923077 0.03879310 0.06153846
0 0.45833333 0.73846154 0.04597701 0.04615385
0 0.75287356 0.64038462 0.05747126 0.03461538
0 0.06178161 0.05673077 0.04885057 0.05192308
0 0.91954023 0.76730769 0.03160920 0.07307692
0 0.84410920 0.29615385 0.03017241 0.06923077
0 0.86781609 0.44038462 0.03448276 0.07307692
0 0.45833333 0.64807692 0.06321839 0.06538462
0 0.25287356 0.96923077 0.05459770 0.06153846
0 0.99209770 0.72403846 0.01580460 0.03269231
