0 0.02812500 0.51757812 0.05625000 0.07421875
0 0.33281250 0.91015625 0.05312500 0.12500000
0 0.45937500 0.24804688 0.05625000 0.04296875
0 0.29843750 0.02148438 0.03437500 0.04296875
0 0.41406250 0.95898438 0.07812500 0.07421875
0 0.42187500 0.14648438 0.11875000 0.11328125
0 0.94218750 0.58007812 0.02812500 0.05078125
0 0.32031250 0.11132812 0.05937500 0.03515625
0 0.38906250 0.06250000 0.06562500 0.08593750
0 0.43906250 0.98437500 0.05312500 0.03125000
0 0.29375000 0.37500000 0.12500000 0.10156250
0 0.24687500 0.46484375 0.06875000 0.07812500
0 0.39218750 0.48828125 0.05937500 0.08593750
0 0.67656250 0.22265625 0.02187500 0.02343750
0 0.62031250 0.82617188 0.10312500 0.08203125
0 0.41875000 0.30664062 0.04375000 0.08203125
0 0.37031250 0.58984375 0.07812500 0.09375000
0 0.94843750 0.96875000 0.07812500 0.06250000
0 0.48593750 0.38671875 0.08437500 0.07812500
0 0.13281250 0.93164062 0.09062500 0.09765625
0 0.94687500 0.09375000 0.08125000 0.07031250
0 0.51875000 0.78125000 0.06250000 0.08593750
0 0.10468750 0.48437500 0.07187500 0.10937500
0 0.01562500 0.24218750 0.03125000 0.06250000
0 0.60937500 0.19335938 0.08125000 0.08984375
0 0.98125000 0.54492188 0.03750000 0.11328125
0 0.22343750 0.73046875 0.09062500 0.09375000
0 0.33593750 0.26953125 0.07812500 0.03906250
0 0.81093750 0.91796875 0.07812500 0.07812500
0 0.60000000 0.27734375 0.07500000 0.09375000
0 0.29062500 0.46679688 0.06875000 0.06640625
0 0.08125000 0.33984375 0.09375000 0.17968750
0 0.91562500 0.81640625 0.06875000 0.07031250
0 0.07656250 0.78906250 0.09687500 0.07031250
0 0.38281250 0.74023438 0.10312500 0.11328125
0 0.17187500 0.66015625 0.11250000 0.10156250
0 0.52343750 0.98632812 0.03437500 0.02734375
0 0.80000000 0.79687500 0.06250000 0.07812500
0 0.44531250 0.88867188 0.06562500 0.07421875
0 0.26562500 0.25585938 0.05625000 0.07421875
0 0.78125000 0.15039062 0.08750000 0.07421875
0 0.33281250 0.29882812 0.04687500 0.03515625
0 0.05156250 0.89453125 0.09062500 0.12500000
0 0.55937500 0.23046875 0.01875000 0.02343750
0 0.06250000 0.66406250 0.01875000 0.03125000
0 0.34375000 0.05273438 0.06250000 0.07421875
0 0.61875000 0.96679688 0.05000000 0.06640625
0 0.72812500 0.80468750 0.08125000 0.12500000
0 0.24687500 0.34375000 0.07500000 0.05468750
0 0.00468750 0.77148438 0.00937500 0.05859375
0 0.68281250 0.15234375 0.07187500 0.03125000
0 0.78437500 0.47070312 0.26875000 0.23828125
0 0.43437500 0.66015625 0.05000000 0.04687500
0 0.00937500 0.67968750 0.01875000 0.07031250
0 0.98750000 0.79882812 0.02500000 0.08203125
0 0.34687500 0.39843750 0.03125000 0.04687500
0 0.11406250 0.20507812 0.07812500 0.14453125
0 0.94218750 0.66796875 0.11562500 0.10937500
0 0.23125000 0.15820312 0.05000000 0.05859375
