0 0.09765625 0.19726562 0.08593750 0.07421875
0 0.26367188 0.17187500 0.08984375 0.07812500
0 0.63671875 0.34570312 0.07031250 0.06640625
0 0.58789062 0.17382812 0.05078125 0.05078125
0 0.03906250 0.01171875 0.07031250 0.02343750
0 0.20312500 0.72265625 0.04687500 0.04687500
0 0.02734375 0.37304688 0.05468750 0.06640625
0 0.00781250 0.60351562 0.01562500 0.04296875
0 0.93750000 0.20117188 0.07031250 0.07421875
0 0.41601562 0.10742188 0.03515625 0.03515625
0 0.47656250 0.07812500 0.06250000 0.06250000
0 0.85156250 0.91601562 0.05468750 0.04296875
0 0.82226562 0.66406250 0.08984375 0.07812500
0 0.47656250 0.45507812 0.08593750 0.06640625
0 0.59570312 0.07617188 0.06640625 0.06640625
0 0.47460938 0.34179688 0.07421875 0.06640625
0 0.02929688 0.10351562 0.05859375 0.07421875
0 0.84570312 0.35156250 0.04296875 0.05468750
0 0.74414062 0.66015625 0.02734375 0.03125000
0 0.35351562 0.15234375 0.06640625 0.07031250
0 0.37500000 0.05273438 0.06250000 0.07421875
0 0.09179688 0.77539062 0.09765625 0.09765625
0 0.18945312 0.15039062 0.05859375 0.05859375
0 0.25781250 0.06835938 0.07812500 0.06640625
0 0.32031250 0.01367188 0.05468750 0.02734375
0 0.12695312 0.07226562 0.08203125 0.07421875
0 0.37890625 0.22851562 0.06250000 0.06640625
0 0.63085938 0.47265625 0.05078125 0.06250000
0 0.19726562 0.82617188 0.08984375 0.08203125
0 0.04101562 0.93945312 0.08203125 0.06640625
0 0.43359375 0.04882812 0.07031250 0.06640625
0 0.36328125 0.37890625 0.07812500 0.07812500
0 0.67773438 0.16601562 0.07421875 0.06640625
0 0.39257812 0.49023438 0.07421875 0.07421875
0 0.99023438 0.22656250 0.01953125 0.05468750
0 0.74609375 0.34179688 0.07031250 0.06640625
0 0.81445312 0.17382812 0.06640625 0.06640625
0 0.20898438 0.27929688 0.13671875 0.08203125
0 0.81054688 0.26171875 0.06640625 0.06250000
0 0.83398438 0.08203125 0.06640625 0.07031250
