0 0.54305556 0.50138889 0.01388889 0.01944444
0 0.41666667 0.48750000 0.01666667 0.01944444
0 0.40000000 0.46805556 0.04444444 0.05833333
0 0.62361111 0.94861111 0.16388889 0.10277778
0 0.85833333 0.19583333 0.14444444 0.14722222
0 0.51805556 0.50000000 0.01944444 0.01666667
0 0.96111111 0.91944444 0.07777778 0.16111111
0 0.47222222 0.47500000 0.02222222 0.02777778
0 0.52638889 0.40138889 0.01944444 0.01944444
0 0.02083333 0.56666667 0.04166667 0.16111111
0 0.44722222 0.77777778 0.12777778 0.18333333
0 0.64027778 0.32222222 0.15277778 0.15000000
0 0.84722222 0.44166667 0.18888889 0.18333333
0 0.60138889 0.48888889 0.05277778 0.03888889
0 0.40694444 0.53472222 0.04166667 0.04722222
0 0.27500000 0.60000000 0.13333333 0.15555556
0 0.03888889 0.83472222 0.07777778 0.16944444
0 0.06805556 0.08472222 0.13611111 0.16944444
0 0.69027778 0.16111111 0.16388889 0.13333333
0 0.65694444 0.72083333 0.19722222 0.17500000
0 0.46805556 0.40138889 0.01944444 0.03611111
0 0.15972222 0.43611111 0.10277778 0.17222222
0 0.96944444 0.74861111 0.06111111 0.15833333
0 0.48472222 0.50833333 0.01944444 0.02222222
0 0.27638889 0.05555556 0.20833333 0.11111111
0 0.46388889 0.05000000 0.15000000 0.10000000
0 0.50138889 0.41527778 0.03611111 0.05833333
0 0.06250000 0.97500000 0.10277778 0.05000000
0 0.49583333 0.48194444 0.03055556 0.01944444
0 0.27361111 0.87638889 0.13055556 0.16944444
0 0.53472222 0.46111111 0.01944444 0.03333333
