0 0.46562500 0.36328125 0.10000000 0.07031250
0 0.45625000 0.84765625 0.12500000 0.15625000
0 0.08593750 0.50390625 0.04687500 0.07031250
0 0.61093750 0.80859375 0.07187500 0.17187500
0 0.87031250 0.24609375 0.11562500 0.11718750
0 0.34062500 0.12890625 0.10625000 0.08593750
0 0.20156250 0.02343750 0.04687500 0.04687500
0 0.74218750 0.47460938 0.05937500 0.07421875
0 0.81718750 0.76953125 0.09062500 0.07031250
0 0.09218750 0.00390625 0.04062500 0.00781250
0 0.95937500 0.68359375 0.06875000 0.11718750
0 0.89375000 0.91601562 0.11250000 0.07421875
0 0.47968750 0.22460938 0.07187500 0.11328125
0 0.74218750 0.16601562 0.02187500 0.06640625
0 0.24687500 0.67382812 0.05000000 0.06640625
0 0.77812500 0.69531250 0.03750000 0.07812500
0 0.22812500 0.27539062 0.08750000 0.08984375
0 0.29062500 0.30078125 0.08125000 0.05468750
0 0.07031250 0.71484375 0.10937500 0.16406250
0 0.33281250 0.33398438 0.06562500 0.05859375
0 0.42500000 0.47460938 0.12500000 0.08984375
0 0.04218750 0.96875000 0.08437500 0.06250000
0 0.32343750 0.70312500 0.05312500 0.03906250
0 0.40625000 0.55664062 0.10625000 0.08984375
0 0.56093750 0.59765625 0.08437500 0.13281250
0 0.83281250 0.28320312 0.12812500 0.16015625
0 0.68750000 0.79687500 0.13750000 0.08593750
0 0.29843750 0.61328125 0.10937500 0.07812500
0 0.39375000 0.83203125 0.04375000 0.10156250
0 0.35468750 0.26562500 0.08437500 0.09375000
0 0.85937500 0.36523438 0.16250000 0.09765625
0 0.42187500 0.30664062 0.09375000 0.07421875
0 0.28593750 0.04101562 0.10312500 0.08203125
0 0.36875000 0.75781250 0.05000000 0.09375000
0 0.30468750 0.75976562 0.04687500 0.06640625
0 0.61718750 0.02734375 0.03437500 0.03125000
0 0.34843750 0.55468750 0.12187500 0.05468750
0 0.55625000 0.02148438 0.05000000 0.04296875
0 0.73750000 0.57226562 0.07500000 0.10546875
0 0.76406250 0.34765625 0.04687500 0.08593750
0 0.83281250 0.91210938 0.07812500 0.05859375
0 0.63125000 0.53906250 0.06250000 0.10156250
0 0.26875000 0.40625000 0.04375000 0.06250000
0 0.87812500 0.10351562 0.10000000 0.18359375
0 0.21250000 0.83398438 0.10625000 0.12890625
0 0.46562500 0.68359375 0.07500000 0.15625000
0 0.81718750 0.67382812 0.08437500 0.11328125
0 0.31562500 0.88281250 0.11875000 0.11718750
0 0.81875000 0.09960938 0.06250000 0.16015625
0 0.77812500 0.57812500 0.10625000 0.07812500
0 0.39218750 0.94726562 0.05937500 0.10546875
0 0.01406250 0.82226562 0.02812500 0.11328125
0 0.21718750 0.41796875 0.04687500 0.06250000
0 0.63125000 0.10742188 0.06250000 0.18359375
0 0.72343750 0.01953125 0.05312500 0.03906250
0 0.74843750 0.63281250 0.08437500 0.03906250
0 0.61406250 0.45117188 0.08437500 0.14453125
0 0.22656250 0.17382812 0.06562500 0.12109375
0 0.79843750 0.42578125 0.07812500 0.08593750
0 0.97812500 0.73437500 0.04375000 0.15625000
0 0.84687500 0.84375000 0.11875000 0.08593750
0 0.67656250 0.57031250 0.05937500 0.10937500
0 0.25625000 0.01171875 0.06250000 0.02343750
0 0.69062500 0.44531250 0.09375000 0.14062500
0 0.41250000 0.19921875 0.07500000 0.12500000
0 0.00937500 0.36914062 0.01875000 0.06640625
0 0.92031250 0.04296875 0.05937500 0.08593750
0 0.53437500 0.31250000 0.08750000 0.07031250
0 0.55000000 0.46289062 0.06875000 0.12109375
0 0.90625000 0.43359375 0.12500000 0.10937500
0 0.05781250 0.37695312 0.07812500 0.10546875
0 0.45937500 0.94140625 0.11250000 0.11718750
0 0.78906250 0.98242188 0.07187500 0.03515625
0 0.96875000 0.98046875 0.06250000 0.03906250
0 0.91250000 0.55468750 0.10625000 0.12500000
0 0.41718750 0.40429688 0.06562500 0.05859375
0 0.28593750 0.19921875 0.07187500 0.10937500
0 0.03750000 0.44531250 0.07500000 0.03906250
0 0.32187500 0.49023438 0.06250000 0.08203125
0 0.23437500 0.34960938 0.08125000 0.07421875
0 0.32812500 0.41210938 0.06875000 0.07421875
0 0.17187500 0.77539062 0.07500000 0.11328125
0 0.11250000 0.35742188 0.05625000 0.14453125
0 0.56406250 0.99609375 0.04687500 0.00781250
0 0.74375000 0.95312500 0.08750000 0.07031250
0 0.87968750 0.97070312 0.12812500 0.05859375
0 0.04062500 0.75781250 0.08125000 0.10937500
