0 0.66863208 0.17910448 0.01336478 0.04643449
0 0.79245283 0.66749585 0.02201258 0.03150912
0 0.10652516 0.59618574 0.02751572 0.02487562
0 0.60691824 0.18242123 0.00943396 0.05306799
0 0.69889937 0.77860697 0.01257862 0.04477612
0 0.84905660 0.57213930 0.02987421 0.02653400
0 0.87264151 0.41956882 0.02044025 0.02321725
0 0.59158805 0.84660033 0.00550314 0.02819237
0 0.73191824 0.74709784 0.01572327 0.03814262
0 0.31721698 0.27694859 0.01493711 0.04975124
0 0.55267296 0.18822554 0.00471698 0.03482587
0 0.29716981 0.28772803 0.01100629 0.05804312
0 0.76297170 0.21641791 0.01336478 0.04477612
0 0.77672956 0.69983416 0.01886792 0.03980100
0 0.32114780 0.86981758 0.00707547 0.03814262
0 0.29992138 0.86235489 0.00864780 0.06965174
0 0.44850629 0.21475954 0.01179245 0.05472637
0 0.71029874 0.18656716 0.01493711 0.05140962
0 0.12853774 0.68242123 0.01022013 0.01492537
0 0.41863208 0.87728027 0.01336478 0.05970149
0 0.26257862 0.31177446 0.01886792 0.05306799
0 0.25864780 0.83665008 0.01100629 0.03814262
0 0.34158805 0.88474295 0.01022013 0.04809287
0 0.51572327 0.19071310 0.01257862 0.05638474
0 0.33765723 0.26616915 0.01650943 0.06135987
0 0.60455975 0.83167496 0.01415094 0.05472637
0 0.77437107 0.22222222 0.01415094 0.05306799
0 0.41352201 0.22636816 0.01100629 0.05804312
0 0.73113208 0.19734660 0.01572327 0.04975124
0 0.78419811 0.22885572 0.01493711 0.04311774
0 0.30896226 0.85489221 0.01100629 0.04809287
0 0.54481132 0.86898839 0.01415094 0.05638474
0 0.36281447 0.88225539 0.01022013 0.05638474
0 0.20283019 0.81177446 0.01257862 0.05804312
0 0.78577044 0.68076285 0.01650943 0.03482587
0 0.62696541 0.82006633 0.01493711 0.05472637
0 0.58136792 0.17910448 0.00550314 0.04975124
0 0.21422956 0.82255390 0.01336478 0.04311774
0 0.11281447 0.68988391 0.02122642 0.02321725
0 0.28105346 0.31923715 0.00550314 0.03482587
0 0.23270440 0.33001658 0.01729560 0.04643449
0 0.21658805 0.34742952 0.01493711 0.05140962
0 0.34709119 0.26202322 0.01336478 0.04975124
0 0.17492138 0.40298507 0.01808176 0.06301824
0 0.11281447 0.50995025 0.01808176 0.02819237
0 0.10927673 0.48424544 0.00628931 0.00995025
0 0.43278302 0.87645108 0.01336478 0.05472637
0 0.52633648 0.18325041 0.01022013 0.05472637
0 0.71029874 0.76202322 0.01808176 0.04809287
0 0.11281447 0.66500829 0.02908805 0.02321725
0 0.47012579 0.87313433 0.01257862 0.05472637
0 0.86320755 0.53233831 0.02044025 0.02653400
0 0.32704403 0.86152570 0.00628931 0.04477612
0 0.69496855 0.18988391 0.01415094 0.04477612
0 0.09984277 0.70480929 0.00786164 0.01326700
0 0.31367925 0.86318408 0.01415094 0.05804312
0 0.56721698 0.85655058 0.00550314 0.03482587
0 0.55699686 0.18407960 0.00707547 0.04975124
0 0.36006289 0.25207297 0.01415094 0.05638474
0 0.42688679 0.22802653 0.01415094 0.05804312
0 0.20990566 0.85074627 0.00786164 0.01326700
0 0.84984277 0.54726368 0.02044025 0.02321725
0 0.29205975 0.86733002 0.01179245 0.06633499
0 0.61281447 0.82752902 0.00550314 0.02985075
0 0.57900943 0.84991708 0.01022013 0.05804312
0 0.65762579 0.17827529 0.01179245 0.05472637
0 0.83726415 0.29933665 0.01886792 0.03150912
0 0.20676101 0.36567164 0.01415094 0.04809287
0 0.68160377 0.18822554 0.01415094 0.05140962
0 0.68710692 0.78855721 0.01572327 0.04809287
0 0.19811321 0.37479270 0.02044025 0.05306799
0 0.24685535 0.86484245 0.00943396 0.02487562
0 0.58608491 0.83830846 0.00707547 0.04145937
0 0.55463836 0.85406302 0.00864780 0.04643449
0 0.27437107 0.84742952 0.01100629 0.04311774
0 0.22759434 0.82172471 0.01336478 0.04477612
0 0.74567610 0.73466003 0.01808176 0.03980100
0 0.13679245 0.72305141 0.01257862 0.02985075
0 0.84944969 0.30928690 0.02908805 0.04477612
0 0.63757862 0.18325041 0.00943396 0.05472637
0 0.12932390 0.47927032 0.02908805 0.04311774
0 0.10731132 0.57462687 0.02279874 0.02155887
0 0.14661950 0.77529022 0.02122642 0.05472637
0 0.10770440 0.52902156 0.02672956 0.02653400
0 0.58529874 0.18325041 0.00707547 0.04809287
0 0.84119497 0.59369818 0.02201258 0.02985075
0 0.46698113 0.20480929 0.01100629 0.04809287
0 0.15998428 0.77943615 0.01493711 0.03980100
0 0.08608491 0.60199005 0.00707547 0.01658375
0 0.09630503 0.67910448 0.01179245 0.01824212
0 0.64740566 0.81426202 0.00864780 0.04643449
0 0.36949686 0.24875622 0.01257862 0.05970149
0 0.27358491 0.87645108 0.00628931 0.01824212
0 0.28930818 0.30099502 0.00943396 0.05804312
0 0.54559748 0.18656716 0.00943396 0.04477612
0 0.63718553 0.81923715 0.01336478 0.04975124
0 0.35377358 0.88142620 0.00628931 0.03150912
0 0.59630503 0.84908789 0.00864780 0.04975124
0 0.27161950 0.31011609 0.01650943 0.06301824
0 0.72051887 0.19237148 0.01336478 0.04643449
0 0.40133648 0.23383085 0.01022013 0.05638474
0 0.40487421 0.88059701 0.01100629 0.05306799
0 0.86910377 0.50331675 0.02279874 0.01824212
0 0.76886792 0.71475954 0.01886792 0.03980100
0 0.61753145 0.17661692 0.01179245 0.04809287
0 0.28105346 0.29933665 0.01179245 0.04145937
0 0.82036164 0.23548922 0.00707547 0.01326700
0 0.17649371 0.81757877 0.01336478 0.03316750
0 0.43710692 0.21310116 0.01257862 0.05472637
0 0.61753145 0.82587065 0.00864780 0.05306799
0 0.45754717 0.87810945 0.01257862 0.04809287
0 0.13207547 0.46019900 0.02987421 0.04477612
0 0.39268868 0.88225539 0.01022013 0.04975124
0 0.51061321 0.87479270 0.01493711 0.05140962
0 0.15094340 0.43283582 0.01572327 0.04975124
0 0.22209119 0.84991708 0.00864780 0.03150912
0 0.82232704 0.63184080 0.01886792 0.01990050
0 0.86360063 0.35489221 0.02908805 0.02653400
0 0.74095912 0.20480929 0.01336478 0.04809287
0 0.87264151 0.44195688 0.03301887 0.02487562
0 0.66902516 0.80182421 0.01415094 0.04477612
0 0.13600629 0.43698176 0.01572327 0.02819237
0 0.59551887 0.18490879 0.01179245 0.05140962
0 0.67845912 0.79519071 0.01100629 0.04809287
0 0.25353774 0.32835821 0.01650943 0.05306799
0 0.18238994 0.78772803 0.00943396 0.03316750
0 0.50511006 0.19900498 0.01022013 0.05306799
0 0.56996855 0.18739635 0.01886792 0.05638474
0 0.72877358 0.76368159 0.01729560 0.04477612
0 0.12460692 0.75456053 0.01336478 0.02653400
0 0.15015723 0.39800995 0.00471698 0.00995025
0 0.79677673 0.24129353 0.01965409 0.04477612
0 0.80699686 0.25207297 0.01808176 0.03980100
0 0.17452830 0.76616915 0.00786164 0.01658375
0 0.26257862 0.86567164 0.01257862 0.04643449
0 0.32625786 0.26616915 0.01415094 0.05140962
0 0.38011006 0.24461028 0.01179245 0.06467662
0 0.22798742 0.35074627 0.01572327 0.04145937
0 0.12893082 0.53731343 0.00628931 0.00995025
0 0.62814465 0.17661692 0.00786164 0.05472637
0 0.65723270 0.81094527 0.01572327 0.04643449
0 0.38246855 0.88225539 0.00864780 0.06633499
0 0.80660377 0.65754561 0.02201258 0.03482587
0 0.49646226 0.87728027 0.01179245 0.05970149
0 0.45872642 0.22388060 0.00864780 0.05306799
0 0.09433962 0.55887231 0.00628931 0.01326700
0 0.19182390 0.80182421 0.01572327 0.03814262
0 0.11871069 0.70978441 0.02987421 0.03648425
0 0.44575472 0.87728027 0.01100629 0.05638474
0 0.13875786 0.75704809 0.02122642 0.06135987
0 0.11360063 0.55389718 0.03066038 0.02985075
0 0.82979560 0.28026534 0.01965409 0.02985075
0 0.49449686 0.20066335 0.01100629 0.05638474
0 0.33372642 0.86815920 0.00707547 0.03482587
0 0.75039308 0.21061360 0.01965409 0.05970149
0 0.86988994 0.55223881 0.00864780 0.01326700
0 0.11949686 0.61940299 0.01257862 0.01824212
0 0.10220126 0.62023217 0.01886792 0.01658375
0 0.82232704 0.26451078 0.01572327 0.03814262
0 0.35023585 0.86152570 0.00550314 0.02819237
0 0.81367925 0.64427861 0.02044025 0.02819237
0 0.52161950 0.86650083 0.01650943 0.05472637
0 0.64779874 0.17744610 0.00943396 0.05638474
0 0.15055031 0.80762852 0.01179245 0.01326700
0 0.87460692 0.39137645 0.01965409 0.02653400
0 0.83372642 0.61608624 0.01965409 0.03150912
0 0.75393082 0.71973466 0.02044025 0.03648425
0 0.12578616 0.64096186 0.00786164 0.01492537
0 0.19850629 0.33333333 0.00864780 0.01658375
0 0.24135220 0.33084577 0.01415094 0.05140962
0 0.10573899 0.64510779 0.02908805 0.02653400
0 0.73545597 0.74046434 0.01650943 0.03814262
0 0.18553459 0.38640133 0.02044025 0.06301824
0 0.39072327 0.23631841 0.00943396 0.06467662
0 0.84709119 0.27446103 0.00550314 0.01160862
0 0.57075472 0.85323383 0.00471698 0.02155887
0 0.16155660 0.41873964 0.01650943 0.05804312
0 0.30778302 0.28772803 0.01336478 0.07462687
0 0.47995283 0.20149254 0.01650943 0.05804312
0 0.48388365 0.87313433 0.01179245 0.05804312
0 0.56053459 0.86318408 0.00471698 0.03150912
0 0.83805031 0.25538972 0.00628931 0.00995025
0 0.87106918 0.47429519 0.02830189 0.02653400
0 0.12342767 0.73051410 0.01729560 0.03482587
0 0.12460692 0.58126036 0.01022013 0.01492537
0 0.53655660 0.18076285 0.00864780 0.04975124
0 0.53262579 0.85820896 0.01179245 0.05140962
0 0.24095912 0.84742952 0.01965409 0.05306799
0 0.28419811 0.84991708 0.01179245 0.06135987
0 0.18946541 0.83084577 0.01100629 0.02653400
0 0.37500000 0.88225539 0.00786164 0.05638474
0 0.16902516 0.79767828 0.01415094 0.03648425
0 0.12421384 0.49751244 0.01886792 0.02985075
0 0.85927673 0.32752902 0.01886792 0.03150912
0 0.12814465 0.59867330 0.00786164 0.01326700
0 0.24606918 0.29436153 0.00471698 0.00829187
