0 0.11718750 0.32031250 0.03125000 0.03125000
0 0.79687500 0.48632812 0.04687500 0.05078125
0 0.06445312 0.25195312 0.06640625 0.06640625
0 0.57226562 0.21289062 0.07421875 0.05859375
0 0.51562500 0.29492188 0.06250000 0.07421875
0 0.53710938 0.93945312 0.08203125 0.06640625
0 0.13867188 0.27343750 0.04296875 0.03906250
0 0.25195312 0.50976562 0.05078125 0.05078125
0 0.37890625 0.19726562 0.05468750 0.04296875
0 0.77734375 0.40429688 0.03125000 0.03515625
0 0.61914062 0.52929688 0.03515625 0.04296875
0 0.37500000 0.70312500 0.07812500 0.09375000
0 0.64648438 0.63867188 0.01953125 0.01953125
0 0.33007812 0.47070312 0.04296875 0.05078125
0 0.36328125 0.35937500 0.03125000 0.05468750
0 0.40234375 0.88671875 0.03125000 0.03125000
0 0.60351562 0.61132812 0.05078125 0.05078125
0 0.63281250 0.38281250 0.05468750 0.06250000
0 0.30468750 0.24609375 0.03906250 0.03906250
0 0.40625000 0.61132812 0.03906250 0.04296875
0 0.93164062 0.23242188 0.01953125 0.01953125
0 0.58007812 0.49218750 0.03515625 0.05468750
0 0.75781250 0.47070312 0.03906250 0.04296875
0 0.33203125 0.29101562 0.05468750 0.03515625
0 0.13085938 0.40429688 0.05078125 0.05859375
0 0.36132812 0.17578125 0.05859375 0.04687500
0 0.67578125 0.37695312 0.04687500 0.06640625
0 0.12304688 0.28515625 0.05078125 0.03906250
0 0.53320312 0.49804688 0.03515625 0.03515625
0 0.37890625 0.53320312 0.03906250 0.03515625
0 0.89453125 0.63671875 0.03125000 0.03906250
0 0.63085938 0.18945312 0.02734375 0.02734375
0 0.28320312 0.33593750 0.04296875 0.03906250
0 0.41406250 0.43164062 0.06250000 0.04296875
0 0.63476562 0.86132812 0.01953125 0.01953125
0 0.58007812 0.63671875 0.05859375 0.05468750
0 0.07421875 0.31054688 0.04687500 0.04296875
0 0.63867188 0.16210938 0.02734375 0.01953125
0 0.66210938 0.92578125 0.06640625 0.07812500
0 0.52343750 0.40820312 0.05468750 0.06640625
0 0.91210938 0.58203125 0.03515625 0.03906250
0 0.01562500 0.28125000 0.03125000 0.04687500
0 0.48828125 0.54882812 0.03906250 0.04296875
0 0.43359375 0.38867188 0.04687500 0.05078125
0 0.52734375 0.60156250 0.03906250 0.04687500
0 0.42773438 0.83984375 0.04296875 0.04687500
0 0.24023438 0.30273438 0.05078125 0.04296875
0 0.08398438 0.52343750 0.07421875 0.05468750
0 0.57617188 0.41210938 0.03515625 0.03515625
0 0.47656250 0.58007812 0.03906250 0.04296875
0 0.55859375 0.49609375 0.03125000 0.03906250
0 0.27148438 0.21484375 0.03515625 0.03906250
0 0.46875000 0.28125000 0.05468750 0.07031250
0 0.64648438 0.28125000 0.04296875 0.03906250
0 0.63281250 0.21875000 0.02343750 0.02343750
0 0.94726562 0.59375000 0.03515625 0.03125000
0 0.40820312 0.49609375 0.05078125 0.04687500
0 0.33984375 0.33984375 0.02343750 0.04687500
0 0.69726562 0.52929688 0.04296875 0.04296875
0 0.72851562 0.61914062 0.05859375 0.08203125
0 0.92187500 0.63671875 0.02343750 0.03906250
0 0.00976562 0.25585938 0.01953125 0.03515625
