0 0.16015625 0.59570312 0.07031250 0.08203125
0 0.58203125 0.39648438 0.07812500 0.07421875
0 0.64843750 0.15429688 0.07812500 0.07421875
0 0.97656250 0.74414062 0.04687500 0.07421875
0 0.48046875 0.07031250 0.06250000 0.04687500
0 0.38281250 0.00585938 0.03125000 0.01171875
0 0.53710938 0.69726562 0.07421875 0.07421875
0 0.04296875 0.91406250 0.06250000 0.08593750
0 0.86523438 0.65429688 0.06640625 0.07421875
0 0.26953125 0.32812500 0.07812500 0.07031250
0 0.90429688 0.18164062 0.05859375 0.06640625
0 0.10351562 0.98046875 0.08203125 0.03906250
0 0.47656250 0.31445312 0.07031250 0.05859375
0 0.64257812 0.68945312 0.07421875 0.06640625
0 0.45117188 0.26953125 0.05859375 0.07812500
0 0.49218750 0.50390625 0.10156250 0.08593750
0 0.34570312 0.29882812 0.01953125 0.01953125
0 0.33789062 0.36523438 0.05859375 0.08203125
0 0.62109375 0.88476562 0.07031250 0.07421875
0 0.36328125 0.18164062 0.07031250 0.07421875
0 0.84375000 0.42773438 0.07031250 0.07421875
