0 0.03663793 0.90480769 0.05890805 0.05961538
0 0.92456897 0.28750000 0.03879310 0.04807692
0 0.95617816 0.81057692 0.04454023 0.07500000
0 0.74497126 0.60192308 0.04166667 0.06153846
0 0.07471264 0.43461538 0.04022989 0.08461538
0 0.22341954 0.89423077 0.03304598 0.08461538
0 0.48275862 0.61538462 0.04022989 0.07307692
0 0.49640805 0.75961538 0.03304598 0.06538462
0 0.53017241 0.99423077 0.03160920 0.01153846
0 0.96695402 0.26923077 0.03160920 0.04615385
0 0.82112069 0.56153846 0.03591954 0.06153846
0 0.51149425 0.31634615 0.08620690 0.05961538
0 0.22916667 0.98942308 0.03591954 0.02115385
0 0.21408046 0.21923077 0.04885057 0.06923077
0 0.38505747 0.19615385 0.06321839 0.05769231
0 0.30747126 0.98365385 0.04597701 0.03269231
0 0.71336207 0.92211538 0.04166667 0.06346154
0 0.54166667 0.57692308 0.03160920 0.06538462
0 0.52155172 0.91730769 0.04597701 0.05384615
0 0.61781609 0.88750000 0.04022989 0.06730769
0 0.41666667 0.49326923 0.05459770 0.05576923
0 0.96336207 0.52211538 0.03591954 0.07500000
0 0.84985632 0.03461538 0.05890805 0.05384615
0 0.93462644 0.98653846 0.03304598 0.02692308
0 0.90229885 0.67211538 0.04310345 0.06730769
0 0.28520115 0.78653846 0.03017241 0.08461538
0 0.09698276 0.63942308 0.06178161 0.05576923
0 0.22413793 0.64807692 0.04022989 0.08461538
0 0.70761494 0.64903846 0.04741379 0.05576923
0 0.79525862 0.95384615 0.08189655 0.09230769
0 0.60201149 0.68750000 0.04885057 0.04807692
0 0.99281609 0.62307692 0.01436782 0.03461538
0 0.62212644 0.98173077 0.05172414 0.03653846
0 0.98706897 0.39134615 0.02586207 0.04807692
0 0.43606322 0.75576923 0.04454023 0.05000000
0 0.81896552 0.83557692 0.03448276 0.04807692
0 0.23491379 0.48269231 0.05028736 0.06538462
0 0.82399425 0.70096154 0.07614943 0.05192308
0 0.29885057 0.43173077 0.05172414 0.05192308
0 0.78232759 0.87211538 0.03304598 0.05192308
0 0.70474138 0.44903846 0.05028736 0.05576923
0 0.83045977 0.40769231 0.04597701 0.05769231
0 0.12428161 0.76730769 0.05028736 0.06538462
0 0.97988506 0.94230769 0.04022989 0.07692308
0 0.75143678 0.30673077 0.07183908 0.05576923
0 0.29310345 0.29423077 0.06609195 0.05769231
0 0.14727011 0.09711538 0.07040230 0.05961538
0 0.27514368 0.09807692 0.06178161 0.05000000
0 0.35272989 0.66634615 0.04454023 0.08269231
0 0.20258621 0.48173077 0.03448276 0.07115385
0 0.66738506 0.87596154 0.05028736 0.07115385
0 0.74712644 0.54903846 0.05747126 0.07115385
0 0.99425287 0.71346154 0.01149425 0.03846154
0 0.09841954 0.97115385 0.04166667 0.05769231
0 0.15229885 0.36730769 0.04022989 0.06923077
0 0.02586207 0.30865385 0.05172414 0.07115385
0 0.86709770 0.22692308 0.05316092 0.07692308
0 0.58261494 0.78653846 0.05028736 0.05000000
0 0.40229885 0.37884615 0.06896552 0.04230769
0 0.61997126 0.55865385 0.04454023 0.07115385
0 0.80244253 0.78846154 0.05316092 0.07692308
0 0.31178161 0.54807692 0.05172414 0.04615385
0 0.54669540 0.67115385 0.03879310 0.06153846
0 0.66666667 0.58365385 0.04310345 0.05961538
0 0.24712644 0.37500000 0.04885057 0.05384615
0 0.99066092 0.98557692 0.01867816 0.02884615
0 0.70689655 0.75865385 0.06321839 0.04423077
0 0.73419540 0.87596154 0.04310345 0.06346154
0 0.91163793 0.49903846 0.03591954 0.07884615
0 0.56321839 0.40192308 0.04597701 0.06923077
