0 0.04722222 0.15694444 0.09444444 0.14722222
0 0.84722222 0.93750000 0.15555556 0.12500000
0 0.31111111 0.38888889 0.17777778 0.19444444
0 0.29027778 0.61666667 0.13611111 0.10555556
0 0.03055556 0.96805556 0.06111111 0.06388889
0 0.28750000 0.96527778 0.14166667 0.06944444
0 0.04166667 0.46527778 0.08333333 0.12500000
0 0.98194444 0.37916667 0.03611111 0.15833333
0 0.49444444 0.92083333 0.02777778 0.03055556
0 0.66250000 0.95416667 0.01388889 0.01388889
0 0.14722222 0.11527778 0.20555556 0.16944444
0 0.36111111 0.00972222 0.10000000 0.01944444
0 0.39861111 0.43194444 0.01388889 0.01388889
0 0.38472222 0.46527778 0.06944444 0.05277778
0 0.98194444 0.57361111 0.03611111 0.11944444
0 0.52222222 0.15416667 0.11666667 0.18055556
0 0.97916667 0.81388889 0.04166667 0.15555556
0 0.64722222 0.60416667 0.16111111 0.20277778
0 0.00694444 0.02500000 0.01388889 0.05000000
0 0.56805556 0.91805556 0.22500000 0.16388889
0 0.80833333 0.05138889 0.11111111 0.10277778
0 0.70000000 0.20972222 0.12222222 0.20833333
