0 0.56835938 0.45117188 0.03515625 0.04296875
0 0.53320312 0.27539062 0.02734375 0.03515625
0 0.26757812 0.16015625 0.02734375 0.03125000
0 0.55468750 0.61914062 0.03906250 0.03515625
0 0.81835938 0.26953125 0.04296875 0.04687500
0 0.43750000 0.73437500 0.03906250 0.03906250
0 0.27929688 0.12500000 0.05078125 0.04687500
0 0.27539062 0.29296875 0.03515625 0.03906250
0 0.24414062 0.51757812 0.03515625 0.03515625
0 0.48046875 0.31835938 0.03125000 0.03515625
0 0.34570312 0.01757812 0.05078125 0.03515625
0 0.22070312 0.02929688 0.04296875 0.03515625
0 0.34765625 0.46679688 0.03125000 0.03515625
0 0.66796875 0.40820312 0.03125000 0.04296875
0 0.98046875 0.57812500 0.03906250 0.06250000
0 0.23242188 0.57421875 0.03515625 0.03906250
0 0.05859375 0.12500000 0.03125000 0.03906250
0 0.22656250 0.42773438 0.03906250 0.03515625
0 0.42773438 0.56054688 0.05078125 0.03515625
0 0.66015625 0.53515625 0.03125000 0.03125000
0 0.32421875 0.58203125 0.03125000 0.04687500
0 0.84570312 0.53710938 0.02734375 0.04296875
0 0.74023438 0.85546875 0.03515625 0.05468750
0 0.41796875 0.39843750 0.03125000 0.03906250
0 0.73046875 0.57421875 0.03125000 0.03906250
0 0.63671875 0.27929688 0.03125000 0.04296875
0 0.96679688 0.40429688 0.04296875 0.04296875
0 0.46093750 0.53710938 0.03125000 0.05078125
0 0.78906250 0.59765625 0.04687500 0.05468750
0 0.98828125 0.79296875 0.02343750 0.03125000
0 0.73046875 0.08789062 0.04687500 0.04296875
0 0.66796875 0.61718750 0.05468750 0.03125000
0 0.98828125 0.54101562 0.02343750 0.04296875
0 0.39257812 0.58398438 0.04296875 0.04296875
0 0.84179688 0.45312500 0.03515625 0.03906250
