0 0.09267241 0.58942308 0.02155172 0.05192308
0 0.56681034 0.05480769 0.03879310 0.05576923
0 0.62212644 0.53653846 0.02586207 0.03846154
0 0.50071839 0.98750000 0.03304598 0.02115385
0 0.53879310 0.89903846 0.02011494 0.02884615
0 0.32974138 0.55000000 0.03017241 0.04615385
0 0.80028736 0.70096154 0.04597701 0.04038462
0 0.20114943 0.63365385 0.02873563 0.03269231
0 0.77155172 0.09807692 0.02873563 0.06153846
0 0.40301724 0.37115385 0.04166667 0.03846154
0 0.78591954 0.62307692 0.04597701 0.03846154
0 0.29597701 0.34230769 0.02873563 0.02307692
0 0.31968391 0.12019231 0.03304598 0.04038462
0 0.44971264 0.70480769 0.02873563 0.04423077
0 0.86135057 0.91923077 0.03304598 0.03846154
0 0.92456897 0.02115385 0.03879310 0.04230769
0 0.71479885 0.79807692 0.04741379 0.03461538
0 0.27370690 0.39519231 0.03017241 0.04038462
0 0.39511494 0.84711538 0.03160920 0.04423077
0 0.08261494 0.43076923 0.03304598 0.06538462
0 0.19971264 0.16923077 0.03735632 0.05000000
0 0.59841954 0.04134615 0.02729885 0.04807692
0 0.19899425 0.66538462 0.03304598 0.03076923
0 0.41882184 0.98076923 0.01580460 0.02307692
0 0.13505747 0.01346154 0.04597701 0.02692308
0 0.33979885 0.11442308 0.03017241 0.05192308
0 0.75215517 0.16826923 0.02729885 0.06346154
0 0.37500000 0.09615385 0.04022989 0.06153846
0 0.72629310 0.02211538 0.04454023 0.04423077
0 0.40301724 0.80961538 0.03879310 0.03846154
0 0.55531609 0.93653846 0.01867816 0.03076923
0 0.86350575 0.44615385 0.03160920 0.04230769
0 0.32758621 0.20576923 0.03735632 0.03461538
0 0.19468391 0.33173077 0.02729885 0.02884615
0 0.19827586 0.77692308 0.03735632 0.03846154
0 0.12356322 0.31538462 0.02586207 0.03461538
0 0.50071839 0.38942308 0.02729885 0.05961538
0 0.94612069 0.27596154 0.03591954 0.05961538
0 0.15445402 0.82788462 0.03017241 0.03269231
0 0.28017241 0.83653846 0.03448276 0.04615385
0 0.05531609 0.77596154 0.02729885 0.04423077
0 0.93821839 0.82307692 0.04597701 0.05000000
0 0.92025862 0.95961538 0.03879310 0.03461538
0 0.70689655 0.92692308 0.03735632 0.03846154
0 0.17816092 0.57692308 0.04022989 0.04615385
0 0.46982759 0.10096154 0.04022989 0.05961538
0 0.46192529 0.84038462 0.02729885 0.03076923
0 0.14511494 0.27403846 0.02586207 0.04038462
0 0.01867816 0.55000000 0.03160920 0.03076923
0 0.63290230 0.06250000 0.03304598 0.05576923
0 0.59913793 0.11923077 0.04022989 0.04615385
0 0.18390805 0.71250000 0.03735632 0.03653846
0 0.20977011 0.62500000 0.02873563 0.02692308
0 0.17385057 0.31538462 0.02011494 0.04230769
0 0.97629310 0.53846154 0.03591954 0.05000000
0 0.99137931 0.01057692 0.01724138 0.02115385
0 0.38864943 0.00288462 0.01580460 0.00576923
0 0.04238506 0.11730769 0.02155172 0.03076923
0 0.63793103 0.02019231 0.04022989 0.04038462
0 0.31824713 0.63461538 0.02729885 0.04230769
0 0.11278736 0.52307692 0.02442529 0.04615385
0 0.38218391 0.45192308 0.03160920 0.03846154
0 0.74281609 0.50288462 0.03735632 0.04038462
0 0.15589080 0.32019231 0.02729885 0.04038462
0 0.28376437 0.58653846 0.02442529 0.03461538
0 0.98563218 0.67115385 0.02873563 0.03076923
0 0.61494253 0.19423077 0.04022989 0.04615385
0 0.65014368 0.67884615 0.03017241 0.05000000
0 0.71264368 0.83173077 0.04022989 0.04038462
0 0.56609195 0.16442308 0.03448276 0.04038462
0 0.27442529 0.52596154 0.03735632 0.03653846
0 0.40589080 0.53269231 0.02729885 0.03461538
0 0.99066092 0.27500000 0.01867816 0.05000000
0 0.17816092 0.26730769 0.02298851 0.04615385
0 0.06968391 0.19326923 0.03591954 0.05192308
0 0.15804598 0.97403846 0.03160920 0.03653846
0 0.23635057 0.98269231 0.02729885 0.03076923
0 0.31824713 0.72692308 0.03304598 0.04615385
0 0.96767241 0.58076923 0.03591954 0.03076923
0 0.43247126 0.08365385 0.03735632 0.04038462
0 0.05459770 0.28269231 0.03160920 0.04615385
0 0.22413793 0.35576923 0.02873563 0.04615385
0 0.58548851 0.91923077 0.01867816 0.03461538
0 0.63793103 0.80961538 0.04022989 0.04230769
0 0.23060345 0.95096154 0.04166667 0.03269231
0 0.02442529 0.71730769 0.02873563 0.04230769
0 0.10775862 0.58942308 0.02298851 0.04807692
0 0.99712644 0.93846154 0.00574713 0.02307692
0 0.20474138 0.08942308 0.02442529 0.04807692
0 0.67456897 0.92019231 0.03879310 0.04423077
0 0.07112069 0.90384615 0.03304598 0.02692308
0 0.26364943 0.31250000 0.02442529 0.04807692
0 0.97916667 0.10000000 0.04166667 0.04615385
0 0.69396552 0.32500000 0.02586207 0.06153846
0 0.98635057 0.64615385 0.02729885 0.03076923
0 0.48778736 0.35192308 0.02155172 0.03461538
0 0.99425287 0.88942308 0.01149425 0.01730769
0 0.36135057 0.23750000 0.03591954 0.03653846
0 0.26005747 0.68653846 0.02873563 0.04230769
0 0.88218391 0.30096154 0.02298851 0.05192308
0 0.27729885 0.80096154 0.02586207 0.03269231
0 0.59554598 0.74519231 0.03591954 0.06730769
0 0.52658046 0.98942308 0.02442529 0.01730769
0 0.85272989 0.81442308 0.02729885 0.04423077
0 0.79525862 0.39807692 0.03879310 0.04615385
0 0.32255747 0.88173077 0.03591954 0.03653846
0 0.12500000 0.16538462 0.03448276 0.05384615
0 0.49497126 0.61923077 0.02442529 0.04230769
0 0.61422414 0.00288462 0.02155172 0.00576923
0 0.57902299 0.43942308 0.02873563 0.04423077
0 0.48347701 0.51250000 0.02729885 0.05192308
0 0.01867816 0.09519231 0.03735632 0.03269231
0 0.35488506 0.30576923 0.03160920 0.02307692
0 0.14511494 0.99230769 0.03735632 0.01153846
0 0.90660920 0.99423077 0.01436782 0.00769231
0 0.79022989 0.88076923 0.05747126 0.05000000
0 0.13793103 0.47211538 0.03448276 0.05576923
0 0.56250000 0.87403846 0.02155172 0.03269231
0 0.41020115 0.95673077 0.03879310 0.04038462
0 0.85416667 0.20096154 0.03017241 0.02500000
0 0.58117816 0.24038462 0.03879310 0.03461538
0 0.45833333 0.79711538 0.02586207 0.02115385
0 0.98347701 0.90673077 0.03304598 0.03269231
0 0.08117816 0.27500000 0.02442529 0.05000000
0 0.28304598 0.36826923 0.02011494 0.02884615
0 0.47413793 0.67788462 0.03448276 0.04038462
0 0.28663793 0.06923077 0.03591954 0.04230769
0 0.12212644 0.36153846 0.02586207 0.06153846
0 0.43606322 0.84615385 0.02442529 0.04615385
0 0.78017241 0.45288462 0.02586207 0.04423077
0 0.31178161 0.16730769 0.03448276 0.02307692
0 0.78663793 0.99230769 0.03591954 0.01153846
0 0.48419540 0.82596154 0.02873563 0.02500000
0 0.20474138 0.04326923 0.05890805 0.03653846
0 0.12571839 0.79134615 0.03304598 0.03269231
0 0.57686782 0.89903846 0.03879310 0.04038462
0 0.73491379 0.46153846 0.03304598 0.05769231
0 0.16594828 0.61442308 0.03304598 0.04423077
0 0.97413793 0.92403846 0.03160920 0.03653846
0 0.02586207 0.35865385 0.02873563 0.04423077
0 0.81106322 0.60384615 0.03591954 0.03461538
0 0.18103448 0.80192308 0.04885057 0.03846154
0 0.84554598 0.12884615 0.03591954 0.02692308
0 0.25431034 0.23846154 0.02586207 0.04230769
0 0.81465517 0.15288462 0.04310345 0.04423077
0 0.19755747 0.13846154 0.04166667 0.05000000
0 0.10488506 0.09423077 0.02586207 0.03846154
0 0.22270115 0.26923077 0.01724138 0.02692308
0 0.05244253 0.64519231 0.01867816 0.03269231
0 0.90876437 0.76250000 0.02729885 0.03653846
0 0.10272989 0.02788462 0.04166667 0.04423077
0 0.28591954 0.98557692 0.03160920 0.02500000
0 0.30172414 0.60769231 0.03448276 0.03076923
0 0.35129310 0.26250000 0.04166667 0.03269231
0 0.43606322 0.88942308 0.03591954 0.02884615
0 0.61637931 0.36346154 0.02586207 0.05769231
0 0.94827586 0.49230769 0.02873563 0.04615385
0 0.54382184 0.44423077 0.04166667 0.03846154
0 0.15517241 0.92692308 0.03160920 0.04615385
0 0.11206897 0.69807692 0.03160920 0.04615385
0 0.80747126 0.80192308 0.02873563 0.04615385
0 0.34267241 0.80384615 0.03591954 0.05000000
0 0.22126437 0.56250000 0.03448276 0.03653846
0 0.90876437 0.90480769 0.04166667 0.03653846
0 0.25574713 0.58557692 0.03160920 0.04423077
0 0.30387931 0.84519231 0.03304598 0.04038462
0 0.25359195 0.00288462 0.02155172 0.00576923
0 0.04022989 0.41923077 0.02586207 0.05769231
0 0.05100575 0.00384615 0.02155172 0.00769231
0 0.95474138 0.99326923 0.02442529 0.00961538
0 0.36853448 0.74038462 0.02442529 0.03076923
0 0.10560345 0.64038462 0.03591954 0.03076923
0 0.49353448 0.79134615 0.04741379 0.03653846
0 0.59195402 0.66346154 0.02873563 0.06153846
0 0.50646552 0.01346154 0.04454023 0.02692308
0 0.86781609 0.76923077 0.02586207 0.04230769
0 0.51508621 0.06538462 0.03304598 0.03846154
0 0.21623563 0.59711538 0.03304598 0.04038462
0 0.59267241 0.56923077 0.03879310 0.03461538
0 0.56393678 0.53076923 0.02442529 0.04615385
0 0.18103448 0.81538462 0.02298851 0.03461538
0 0.25143678 0.84326923 0.02873563 0.04038462
0 0.24353448 0.50288462 0.03017241 0.05576923
0 0.71910920 0.28942308 0.03591954 0.04807692
0 0.88433908 0.19134615 0.02155172 0.05192308
0 0.28017241 0.22115385 0.04310345 0.03846154
0 0.34195402 0.93076923 0.03448276 0.03461538
0 0.01724138 0.68846154 0.03160920 0.02307692
0 0.39295977 0.58269231 0.02729885 0.03076923
0 0.43965517 0.95673077 0.02873563 0.02500000
0 0.21479885 0.81730769 0.02442529 0.04230769
0 0.95617816 0.00961538 0.03304598 0.01923077
0 0.17385057 0.86346154 0.02873563 0.03076923
0 0.35775862 0.40769231 0.02298851 0.03461538
0 0.65158046 0.51250000 0.02442529 0.04807692
0 0.40948276 0.30480769 0.04310345 0.04807692
0 0.50143678 0.89038462 0.04310345 0.04230769
0 0.79382184 0.43653846 0.04166667 0.04615385
0 0.42097701 0.38365385 0.02873563 0.05576923
0 0.38290230 0.16153846 0.03879310 0.06923077
0 0.34698276 0.33750000 0.03017241 0.02884615
0 0.88577586 0.78173077 0.03017241 0.03653846
0 0.69971264 0.62115385 0.05172414 0.05384615
0 0.54885057 0.33653846 0.03160920 0.03076923
0 0.82399425 0.00769231 0.02729885 0.01538462
0 0.94540230 0.78076923 0.04022989 0.03846154
0 0.40517241 0.42307692 0.02011494 0.05769231
0 0.06824713 0.70000000 0.02729885 0.03076923
0 0.83117816 0.95961538 0.04454023 0.04615385
0 0.91235632 0.55865385 0.04022989 0.05961538
0 0.80100575 0.20961538 0.03304598 0.04615385
0 0.17887931 0.36153846 0.02442529 0.02307692
0 0.52514368 0.57211538 0.02729885 0.04807692
0 0.66666667 0.09807692 0.02586207 0.06538462
0 0.94181034 0.17403846 0.04454023 0.03269231
0 0.21479885 0.47596154 0.02442529 0.02884615
0 0.07327586 0.85961538 0.02873563 0.03846154
0 0.05028736 0.52211538 0.03160920 0.04038462
0 0.42528736 0.58557692 0.02873563 0.05192308
0 0.65229885 0.75000000 0.04310345 0.04230769
0 0.40589080 0.86250000 0.03017241 0.03653846
0 0.56250000 0.72403846 0.03017241 0.04038462
0 0.20114943 0.70480769 0.04022989 0.04807692
0 0.83477011 0.61153846 0.03160920 0.03846154
0 0.69468391 0.74519231 0.03591954 0.05192308
0 0.73706897 0.99230769 0.02298851 0.01153846
0 0.04310345 0.69423077 0.02586207 0.03461538
0 0.23778736 0.10769231 0.03017241 0.04230769
0 0.09123563 0.92307692 0.03879310 0.04615385
0 0.99497126 0.13846154 0.01005747 0.04615385
0 0.98635057 0.48557692 0.02155172 0.03269231
0 0.72270115 0.69903846 0.03735632 0.06730769
0 0.66379310 0.40192308 0.02873563 0.06153846
0 0.18318966 0.83846154 0.02442529 0.03461538
0 0.24568966 0.78365385 0.03735632 0.03653846
0 0.35704023 0.52788462 0.02729885 0.05576923
0 0.26652299 0.72403846 0.03879310 0.03269231
0 0.59482759 0.63269231 0.03160920 0.03461538
0 0.90014368 0.41923077 0.03304598 0.05384615
0 0.49425287 0.93269231 0.04022989 0.03846154
0 0.71910920 0.10673077 0.03304598 0.05576923
0 0.06106322 0.98653846 0.02442529 0.02307692
0 0.37859195 0.54230769 0.02442529 0.05000000
0 0.25143678 0.62884615 0.03735632 0.04230769
0 0.28448276 0.95096154 0.04310345 0.04423077
0 0.46192529 0.99230769 0.01867816 0.01153846
0 0.51795977 0.65192308 0.03591954 0.03846154
0 0.69396552 0.95769231 0.04885057 0.03076923
0 0.96767241 0.04807692 0.04166667 0.05000000
0 0.34626437 0.00673077 0.03735632 0.01346154
0 0.46551724 0.51634615 0.02011494 0.04423077
0 0.13649425 0.12788462 0.02586207 0.04038462
0 0.77155172 0.80096154 0.03448276 0.04807692
0 0.04956897 0.93846154 0.03879310 0.03846154
0 0.30172414 0.40192308 0.02298851 0.03461538
0 0.01652299 0.64038462 0.03304598 0.02692308
0 0.69324713 0.46538462 0.02729885 0.05000000
0 0.09482759 0.72403846 0.03448276 0.04038462
0 0.53089080 0.24903846 0.03304598 0.04423077
0 0.75646552 0.54519231 0.04166667 0.02884615
0 0.05100575 0.57211538 0.02729885 0.05192308
0 0.34626437 0.98653846 0.04022989 0.02307692
0 0.46479885 0.57596154 0.03591954 0.03653846
0 0.00718391 0.11634615 0.01436782 0.04423077
0 0.98635057 0.87019231 0.02729885 0.02500000
0 0.45905172 0.54423077 0.02155172 0.03846154
0 0.28160920 0.40865385 0.02586207 0.04423077
0 0.16091954 0.08750000 0.02586207 0.04038462
0 0.42672414 0.25480769 0.03160920 0.04038462
0 0.97054598 0.36634615 0.04741379 0.04038462
0 0.47054598 0.14807692 0.03304598 0.03846154
0 0.69468391 0.00961538 0.02155172 0.01923077
0 0.31393678 0.97019231 0.03591954 0.04423077
0 0.16235632 0.15480769 0.02298851 0.02500000
0 0.31537356 0.46923077 0.02442529 0.03846154
0 0.79454023 0.96442308 0.04310345 0.04423077
0 0.61637931 0.61442308 0.03735632 0.04038462
0 0.01077586 0.15288462 0.02155172 0.03269231
0 0.38074713 0.89711538 0.02586207 0.04807692
0 0.04166667 0.54807692 0.02873563 0.03076923
0 0.53807471 0.47884615 0.03879310 0.05000000
0 0.31824713 0.51538462 0.02442529 0.04230769
0 0.24425287 0.16730769 0.04310345 0.04230769
0 0.22629310 0.23461538 0.03591954 0.05000000
0 0.87428161 0.99038462 0.03591954 0.01538462
0 0.15517241 0.24903846 0.03160920 0.04038462
0 0.90445402 0.32692308 0.02729885 0.05769231
0 0.18534483 0.46826923 0.03160920 0.03653846
0 0.12284483 0.89326923 0.05028736 0.02500000
0 0.01508621 0.90384615 0.03017241 0.04615385
0 0.84770115 0.71538462 0.03735632 0.04230769
0 0.88864943 0.37403846 0.04454023 0.04038462
0 0.90086207 0.74807692 0.04310345 0.03076923
0 0.58333333 0.49711538 0.02873563 0.03653846
0 0.77586207 0.49134615 0.03448276 0.05192308
0 0.02586207 0.98269231 0.02873563 0.03076923
0 0.85991379 0.74230769 0.02729885 0.03846154
0 0.09267241 0.81730769 0.02729885 0.03461538
0 0.74784483 0.27115385 0.03017241 0.02692308
0 0.12428161 0.84326923 0.02442529 0.04807692
0 0.03448276 0.65480769 0.02298851 0.02115385
0 0.08764368 0.98173077 0.03448276 0.03269231
0 0.42025862 0.66923077 0.02729885 0.05000000
0 0.29094828 0.64807692 0.03017241 0.03846154
0 0.82327586 0.34903846 0.03160920 0.05576923
0 0.54310345 0.69423077 0.02873563 0.03846154
0 0.96839080 0.41057692 0.02873563 0.05192308
0 0.27729885 0.16250000 0.03735632 0.02884615
0 0.36063218 0.37211538 0.04310345 0.04038462
0 0.46551724 0.23942308 0.04022989 0.05961538
0 0.13505747 0.65384615 0.03735632 0.03461538
0 0.49928161 0.84903846 0.02155172 0.03653846
0 0.18103448 0.39903846 0.02586207 0.04038462
0 0.89080460 0.08750000 0.02873563 0.05192308
0 0.52083333 0.75961538 0.04454023 0.03846154
0 0.39224138 0.56442308 0.02586207 0.04038462
0 0.42241379 0.79230769 0.02298851 0.02692308
0 0.19037356 0.93942308 0.03304598 0.04423077
0 0.67959770 0.35576923 0.02586207 0.05384615
0 0.16451149 0.73653846 0.03879310 0.03461538
0 0.01221264 0.38557692 0.02442529 0.05192308
0 0.65229885 0.14519231 0.02298851 0.05576923
0 0.26508621 0.47884615 0.03304598 0.05769231
0 0.47341954 0.38750000 0.03017241 0.03269231
0 0.28376437 0.55192308 0.03017241 0.03076923
0 0.04454023 0.06346154 0.04310345 0.03846154
0 0.63864943 0.40673077 0.02442529 0.06730769
0 0.95258621 0.68269231 0.04310345 0.03846154
0 0.02514368 0.45480769 0.02442529 0.04807692
0 0.23132184 0.91826923 0.04310345 0.03653846
0 0.00359195 0.44807692 0.00718391 0.02692308
0 0.20474138 0.26538462 0.02442529 0.03076923
0 0.29741379 0.30384615 0.03448276 0.04230769
0 0.60991379 0.98653846 0.03591954 0.02307692
0 0.31824713 0.14423077 0.03591954 0.02692308
0 0.38074713 0.63846154 0.02873563 0.05000000
0 0.14942529 0.16730769 0.02873563 0.05000000
0 0.07183908 0.33653846 0.02298851 0.04230769
0 0.61566092 0.45000000 0.02442529 0.05769231
0 0.23060345 0.69423077 0.02729885 0.03461538
0 0.25215517 0.41442308 0.02442529 0.03653846
0 0.55172414 0.42211538 0.02011494 0.02115385
0 0.51077586 0.70865385 0.03591954 0.04038462
0 0.79956897 0.30480769 0.03879310 0.04807692
0 0.63793103 0.90865385 0.03735632 0.03653846
0 0.50933908 0.94134615 0.01867816 0.02500000
0 0.26867816 0.12019231 0.03735632 0.03653846
0 0.37068966 0.77884615 0.03735632 0.04230769
0 0.79454023 0.27403846 0.04310345 0.04038462
0 0.53591954 0.29615385 0.03735632 0.04615385
0 0.19971264 0.43461538 0.02586207 0.04230769
0 0.30890805 0.68846154 0.03448276 0.03076923
0 0.01652299 0.86057692 0.03304598 0.04038462
0 0.14583333 0.36538462 0.02729885 0.05769231
0 0.48275862 0.84903846 0.01724138 0.02500000
0 0.55028736 0.48653846 0.02586207 0.03461538
0 0.00933908 0.78076923 0.01867816 0.03846154
0 0.34913793 0.62596154 0.03448276 0.04807692
0 0.76939655 0.58365385 0.05028736 0.04038462
0 0.10775862 0.40288462 0.03448276 0.05576923
0 0.00574713 0.73461538 0.01149425 0.03846154
0 0.80244253 0.09519231 0.03304598 0.05576923
0 0.40804598 0.92884615 0.03160920 0.04230769
0 0.44540230 0.44134615 0.02873563 0.04807692
0 0.96839080 0.97211538 0.02873563 0.04807692
0 0.57255747 0.20576923 0.03591954 0.03846154
0 0.24784483 0.30000000 0.02155172 0.04230769
0 0.15445402 0.85961538 0.02155172 0.03461538
0 0.45617816 0.39038462 0.02729885 0.04615385
