0 0.19861111 0.40416667 0.19166667 0.12500000
0 0.96527778 0.73055556 0.06944444 0.11666667
0 0.85555556 0.06250000 0.09444444 0.12500000
0 0.03055556 0.77916667 0.06111111 0.10277778
0 0.93333333 0.04444444 0.06666667 0.08888889
0 0.86527778 0.78055556 0.16944444 0.17777778
0 0.96666667 0.52638889 0.06666667 0.11944444
0 0.17777778 0.55694444 0.18333333 0.14722222
0 0.33194444 0.80972222 0.01944444 0.01388889
0 0.37222222 0.86111111 0.16666667 0.16666667
0 0.64861111 0.14027778 0.15833333 0.14166667
0 0.02361111 0.32361111 0.04722222 0.09166667
0 0.56527778 0.47361111 0.18055556 0.17500000
0 0.38333333 0.98194444 0.09444444 0.03611111
0 0.61666667 0.63333333 0.18888889 0.13888889
0 0.81944444 0.15138889 0.19444444 0.14166667
0 0.57222222 0.03194444 0.10555556 0.06388889
0 0.46666667 0.12777778 0.21111111 0.15555556
0 0.04583333 0.48194444 0.09166667 0.12500000
