0 0.14648438 0.37109375 0.07421875 0.07031250
0 0.31835938 0.32812500 0.05859375 0.03906250
0 0.84179688 0.24023438 0.05859375 0.07421875
0 0.20117188 0.94921875 0.07421875 0.10156250
0 0.79687500 0.19921875 0.04687500 0.07812500
0 0.66015625 0.01562500 0.05468750 0.03125000
0 0.75781250 0.25000000 0.09375000 0.12500000
0 0.77539062 0.57226562 0.02734375 0.02734375
0 0.33789062 0.09570312 0.01953125 0.01953125
0 0.18750000 0.25000000 0.06250000 0.07031250
0 0.66992188 0.49609375 0.04296875 0.05468750
0 0.32226562 0.05273438 0.01953125 0.01953125
0 0.52734375 0.34570312 0.07031250 0.07421875
0 0.40625000 0.30273438 0.03906250 0.02734375
0 0.72265625 0.50781250 0.06250000 0.05468750
0 0.36914062 0.08789062 0.01953125 0.01953125
0 0.65820312 0.87500000 0.06640625 0.06250000
0 0.17773438 0.90625000 0.07421875 0.07812500
0 0.92578125 0.29101562 0.04687500 0.05078125
0 0.76171875 0.09765625 0.03125000 0.03906250
0 0.67773438 0.84179688 0.10546875 0.11328125
0 0.29492188 0.23242188 0.03515625 0.03515625
0 0.31640625 0.01953125 0.02343750 0.02343750
0 0.33007812 0.03320312 0.01953125 0.01953125
0 0.61523438 0.79492188 0.01953125 0.01953125
