0 0.07031250 0.11132812 0.05468750 0.05859375
0 0.26367188 0.94726562 0.08984375 0.07421875
0 0.38281250 0.39062500 0.05468750 0.04687500
0 0.78515625 0.95703125 0.04687500 0.06250000
0 0.97851562 0.49414062 0.04296875 0.04296875
0 0.15039062 0.06640625 0.03515625 0.04687500
0 0.79687500 0.16015625 0.06250000 0.05468750
0 0.83398438 0.40039062 0.05078125 0.04296875
0 0.94140625 0.08203125 0.04687500 0.05468750
0 0.38085938 0.47460938 0.05078125 0.05078125
0 0.30468750 0.64453125 0.05468750 0.04687500
0 0.33789062 0.00781250 0.05078125 0.01562500
