0 0.32114780 0.57131012 0.00864780 0.01824212
0 0.39819182 0.65339967 0.00864780 0.01326700
0 0.31407233 0.63184080 0.00864780 0.01990050
0 0.47444969 0.71475954 0.00707547 0.01658375
0 0.45165094 0.75538972 0.01022013 0.02155887
0 0.36242138 0.38059701 0.00471698 0.01160862
0 0.47877358 0.29021559 0.00628931 0.00995025
0 0.36517296 0.62354892 0.00864780 0.01658375
0 0.42216981 0.45107794 0.00628931 0.01326700
0 0.48231132 0.72885572 0.00550314 0.01492537
0 0.36674528 0.42620232 0.00707547 0.01990050
0 0.77751572 0.21227197 0.01572327 0.04643449
0 0.57900943 0.25373134 0.01336478 0.05306799
0 0.33294025 0.61194030 0.01022013 0.01990050
0 0.47484277 0.74129353 0.00786164 0.01658375
0 0.59355346 0.74958541 0.00786164 0.02985075
0 0.33254717 0.70066335 0.00471698 0.01160862
0 0.41037736 0.71393035 0.02201258 0.02819237
0 0.34198113 0.69485904 0.00786164 0.01990050
0 0.28655660 0.63101161 0.00864780 0.02155887
0 0.30935535 0.51326700 0.00707547 0.01160862
0 0.35377358 0.69320066 0.00628931 0.02321725
0 0.56996855 0.73134328 0.00471698 0.00995025
0 0.36202830 0.50414594 0.00864780 0.02321725
0 0.33372642 0.64013267 0.01022013 0.01990050
0 0.26061321 0.60364842 0.00707547 0.00995025
0 0.50117925 0.27694859 0.00393082 0.00995025
0 0.36635220 0.73880597 0.00471698 0.01160862
0 0.89111635 0.43034826 0.02122642 0.01824212
0 0.82154088 0.64842454 0.01729560 0.02653400
0 0.69654088 0.74212272 0.01415094 0.05472637
0 0.43396226 0.77446103 0.00628931 0.00995025
0 0.77122642 0.69154229 0.01886792 0.04311774
0 0.52712264 0.78275290 0.00550314 0.02653400
0 0.39386792 0.68159204 0.00786164 0.01990050
0 0.28891509 0.60779436 0.00707547 0.01492537
0 0.67334906 0.22636816 0.01022013 0.05472637
0 0.35888365 0.46683250 0.00864780 0.02487562
0 0.66430818 0.21724710 0.00786164 0.03648425
0 0.32547170 0.68325041 0.00628931 0.01326700
0 0.42177673 0.73383085 0.00864780 0.02155887
0 0.53419811 0.72636816 0.00707547 0.01658375
0 0.41234277 0.40049751 0.00707547 0.01492537
0 0.38993711 0.55804312 0.00943396 0.01160862
0 0.55149371 0.77611940 0.00864780 0.02321725
0 0.40133648 0.36235489 0.00707547 0.01160862
0 0.70911950 0.73051410 0.01257862 0.05472637
0 0.29520440 0.58043118 0.00864780 0.01658375
0 0.72877358 0.72719735 0.01257862 0.04477612
0 0.34080189 0.48922056 0.00864780 0.01658375
0 0.60220126 0.68656716 0.00786164 0.01658375
0 0.43671384 0.31011609 0.00707547 0.01326700
0 0.46540881 0.70149254 0.00628931 0.00995025
0 0.33922956 0.58374793 0.01022013 0.01990050
0 0.83176101 0.63515755 0.01729560 0.03316750
0 0.32861635 0.52570481 0.01100629 0.01326700
0 0.35652516 0.41459370 0.00707547 0.01326700
0 0.41077044 0.37313433 0.01022013 0.01990050
0 0.36831761 0.60199005 0.01022013 0.01990050
0 0.32193396 0.50497512 0.00864780 0.01824212
0 0.27515723 0.57379768 0.00628931 0.01326700
0 0.89386792 0.39303483 0.00628931 0.00995025
0 0.45715409 0.29353234 0.00550314 0.00663350
0 0.40644654 0.61359867 0.00628931 0.00995025
0 0.38797170 0.49004975 0.01022013 0.01160862
0 0.71894654 0.72553897 0.01179245 0.03482587
0 0.38679245 0.66749585 0.00943396 0.01824212
0 0.35731132 0.64179104 0.01022013 0.01990050
0 0.31761006 0.65339967 0.00943396 0.01990050
0 0.28459119 0.56218905 0.00786164 0.01658375
0 0.42727987 0.70315091 0.00864780 0.02985075
0 0.45558176 0.70812604 0.00707547 0.01658375
0 0.34198113 0.62106136 0.00943396 0.01824212
0 0.28419811 0.58872305 0.01022013 0.01990050
0 0.62106918 0.72968491 0.00471698 0.01326700
0 0.60534591 0.75870647 0.00943396 0.05472637
0 0.61595912 0.75787728 0.00707547 0.03316750
0 0.35455975 0.56550580 0.00943396 0.01658375
0 0.33215409 0.56799337 0.00864780 0.01824212
0 0.38757862 0.41873964 0.00943396 0.01824212
0 0.77948113 0.68407960 0.01179245 0.02819237
0 0.28537736 0.65920398 0.00628931 0.01160862
0 0.42295597 0.41127695 0.00786164 0.01658375
0 0.53537736 0.31094527 0.00786164 0.02487562
0 0.32861635 0.48673300 0.00786164 0.01492537
0 0.71226415 0.19154229 0.00471698 0.00829187
0 0.37578616 0.40878939 0.00786164 0.01824212
0 0.75786164 0.69402985 0.01415094 0.03814262
0 0.63797170 0.77943615 0.00393082 0.01658375
0 0.34748428 0.47263682 0.00786164 0.01658375
0 0.42727987 0.75456053 0.00550314 0.01658375
0 0.53341195 0.76285240 0.00707547 0.02653400
0 0.34787736 0.54311774 0.00864780 0.01824212
0 0.37696541 0.61276949 0.00864780 0.01492537
0 0.29913522 0.56301824 0.00550314 0.00829187
0 0.41784591 0.63764511 0.00550314 0.00497512
0 0.33529874 0.54560531 0.01022013 0.01658375
0 0.38246855 0.44776119 0.00707547 0.01990050
0 0.35731132 0.54477612 0.00707547 0.01824212
0 0.61556604 0.21061360 0.00471698 0.00995025
0 0.60927673 0.72719735 0.00471698 0.01160862
0 0.46894654 0.28109453 0.00550314 0.00829187
0 0.48860063 0.28275290 0.00550314 0.01160862
0 0.40172956 0.42703151 0.00943396 0.01492537
0 0.40998428 0.74046434 0.01022013 0.02155887
0 0.52515723 0.74378109 0.00786164 0.03150912
0 0.46658805 0.29767828 0.00707547 0.01160862
0 0.43592767 0.69568823 0.00707547 0.01824212
0 0.40762579 0.47180763 0.00707547 0.01492537
0 0.81603774 0.66500829 0.01729560 0.02653400
0 0.41941824 0.69071310 0.00550314 0.01492537
0 0.38679245 0.54063018 0.00628931 0.01326700
0 0.44418239 0.77031509 0.00628931 0.01492537
0 0.87617925 0.33665008 0.01650943 0.01658375
0 0.38757862 0.64262023 0.00786164 0.01824212
0 0.36674528 0.56135987 0.01022013 0.01492537
0 0.32272013 0.44444444 0.00550314 0.01326700
0 0.34433962 0.60116086 0.00943396 0.00829187
0 0.50904088 0.71144279 0.00707547 0.01658375
0 0.88404088 0.55140962 0.02122642 0.02155887
0 0.74882075 0.71227197 0.01336478 0.03150912
0 0.39661950 0.50248756 0.00707547 0.01326700
0 0.54677673 0.30348259 0.00707547 0.02321725
0 0.52279874 0.34411277 0.00628931 0.01492537
0 0.36124214 0.71475954 0.00864780 0.01658375
0 0.69811321 0.21310116 0.01100629 0.04809287
0 0.39779874 0.63184080 0.00471698 0.01658375
0 0.64819182 0.76533997 0.00550314 0.01824212
0 0.34984277 0.44941957 0.00943396 0.01658375
0 0.43356918 0.72388060 0.00707547 0.02487562
0 0.51139937 0.25538972 0.00550314 0.00995025
0 0.36595912 0.53814262 0.00707547 0.01824212
0 0.50157233 0.31840796 0.01729560 0.06301824
0 0.30896226 0.49253731 0.00471698 0.01326700
0 0.43474843 0.38888889 0.00786164 0.01492537
0 0.57114780 0.79021559 0.00550314 0.01160862
0 0.63246855 0.23797678 0.01022013 0.04477612
0 0.31525157 0.67661692 0.00628931 0.01658375
0 0.35613208 0.43449420 0.00943396 0.01658375
0 0.43592767 0.43698176 0.00550314 0.01160862
0 0.85888365 0.25787728 0.01650943 0.02487562
0 0.51415094 0.27363184 0.00943396 0.02653400
0 0.34276730 0.43449420 0.00786164 0.01658375
0 0.56250000 0.78109453 0.00707547 0.01990050
0 0.48584906 0.70315091 0.01100629 0.00995025
0 0.49724843 0.77943615 0.00864780 0.01658375
0 0.47680818 0.34245439 0.01179245 0.02487562
0 0.58451258 0.28689884 0.00550314 0.01326700
0 0.59551887 0.22802653 0.00550314 0.01160862
0 0.35377358 0.49087894 0.00628931 0.01658375
0 0.80188679 0.66998342 0.02044025 0.02985075
0 0.34237421 0.52570481 0.01179245 0.01658375
0 0.40448113 0.45107794 0.00864780 0.01990050
0 0.28694969 0.53565506 0.00786164 0.01658375
0 0.38522013 0.60199005 0.00943396 0.01658375
0 0.34866352 0.71393035 0.00550314 0.01160862
0 0.43121069 0.33167496 0.00393082 0.00995025
0 0.52476415 0.31011609 0.01179245 0.03980100
0 0.32822327 0.66252073 0.00864780 0.01492537
0 0.26847484 0.59038143 0.00550314 0.00995025
0 0.37657233 0.57213930 0.00786164 0.01326700
0 0.34316038 0.56301824 0.00864780 0.01824212
0 0.56210692 0.27363184 0.01415094 0.04975124
0 0.80188679 0.64925373 0.00471698 0.01160862
0 0.41941824 0.75870647 0.00550314 0.01160862
0 0.33136792 0.42454395 0.00707547 0.01658375
0 0.39622642 0.58623549 0.00628931 0.00829187
0 0.37657233 0.68076285 0.00786164 0.01824212
0 0.44418239 0.70149254 0.00943396 0.01990050
0 0.35691824 0.60033167 0.00943396 0.01326700
0 0.68632075 0.21724710 0.01100629 0.05306799
0 0.39190252 0.43781095 0.01179245 0.01326700
0 0.55699686 0.24129353 0.00550314 0.01160862
0 0.34355346 0.73714760 0.00786164 0.01160862
0 0.34591195 0.64013267 0.00786164 0.01658375
0 0.35220126 0.61940299 0.00786164 0.01824212
0 0.30110063 0.59950249 0.00943396 0.01824212
0 0.41705975 0.66832504 0.00707547 0.01326700
0 0.87382075 0.57213930 0.01808176 0.01990050
0 0.32429245 0.63432836 0.00707547 0.01824212
0 0.51729560 0.76616915 0.00786164 0.02985075
0 0.65605346 0.22388060 0.00864780 0.06633499
0 0.53970126 0.78772803 0.00550314 0.01326700
0 0.89976415 0.31509121 0.01179245 0.02321725
0 0.38246855 0.71475954 0.00550314 0.01326700
0 0.66941824 0.71807629 0.00550314 0.01326700
0 0.34119497 0.65920398 0.00786164 0.01824212
0 0.48191824 0.79021559 0.00471698 0.00829187
0 0.62853774 0.75290216 0.01022013 0.03316750
0 0.32311321 0.54892206 0.00786164 0.01658375
0 0.75314465 0.70149254 0.00943396 0.04975124
0 0.33608491 0.45024876 0.00864780 0.01492537
0 0.44261006 0.40298507 0.00786164 0.01990050
0 0.30227987 0.53233831 0.00707547 0.00995025
0 0.38364780 0.36981758 0.00786164 0.01990050
0 0.34944969 0.50746269 0.00864780 0.01326700
0 0.38404088 0.50497512 0.01022013 0.01160862
0 0.42059748 0.38723051 0.00628931 0.01492537
0 0.39858491 0.40630182 0.01257862 0.01990050
0 0.79284591 0.21061360 0.01808176 0.04311774
0 0.66037736 0.76451078 0.00471698 0.01326700
0 0.30621069 0.66417910 0.00707547 0.01824212
0 0.35141509 0.58457711 0.01100629 0.01492537
0 0.32822327 0.59203980 0.00707547 0.01658375
0 0.54599057 0.72222222 0.00393082 0.01160862
0 0.55110063 0.27611940 0.01415094 0.04145937
0 0.40487421 0.63847430 0.00628931 0.01326700
0 0.43750000 0.36733002 0.00864780 0.02819237
0 0.44457547 0.42288557 0.00707547 0.00995025
0 0.34591195 0.41791045 0.00471698 0.00995025
0 0.64583333 0.22968491 0.01336478 0.04477612
0 0.84591195 0.23797678 0.01415094 0.03814262
0 0.58136792 0.21227197 0.00550314 0.00995025
0 0.61006289 0.69568823 0.00471698 0.02155887
0 0.38561321 0.39469320 0.00707547 0.01326700
0 0.38482704 0.47180763 0.01022013 0.01824212
0 0.37617925 0.53565506 0.00707547 0.01326700
0 0.29795597 0.51492537 0.00786164 0.01492537
0 0.52476415 0.27529022 0.00550314 0.02321725
0 0.33529874 0.47014925 0.00707547 0.01160862
0 0.57193396 0.75704809 0.01022013 0.03150912
0 0.37500000 0.43781095 0.00786164 0.02321725
0 0.39190252 0.52238806 0.00864780 0.01326700
0 0.84198113 0.62106136 0.01886792 0.02819237
0 0.73781447 0.20563847 0.01179245 0.04975124
0 0.51808176 0.79767828 0.00628931 0.00995025
0 0.41430818 0.42537313 0.00943396 0.01492537
0 0.37735849 0.55472637 0.00943396 0.01160862
0 0.37814465 0.59038143 0.00786164 0.00995025
0 0.34984277 0.66915423 0.00786164 0.01824212
0 0.30385220 0.64179104 0.00707547 0.01326700
0 0.27594340 0.64179104 0.00628931 0.01658375
0 0.48427673 0.75456053 0.00628931 0.02653400
0 0.31564465 0.53067993 0.01022013 0.01658375
0 0.30974843 0.57545605 0.01100629 0.01990050
0 0.38482704 0.74129353 0.00864780 0.01658375
0 0.42413522 0.77943615 0.00550314 0.00995025
0 0.46462264 0.75787728 0.00628931 0.01990050
0 0.29559748 0.65422886 0.00628931 0.01492537
0 0.50746855 0.74626866 0.01022013 0.03980100
0 0.57350629 0.78026534 0.00707547 0.01160862
0 0.36517296 0.48009950 0.00707547 0.01824212
0 0.58569182 0.23300166 0.00471698 0.01160862
0 0.56053459 0.31343284 0.01100629 0.01326700
0 0.48860063 0.78109453 0.00550314 0.01990050
0 0.79245283 0.68159204 0.01729560 0.03648425
0 0.39858491 0.48175788 0.00786164 0.01824212
0 0.39544025 0.60945274 0.00628931 0.01160862
0 0.41666667 0.35406302 0.00786164 0.02155887
0 0.46187107 0.37810945 0.00707547 0.01326700
0 0.49371069 0.34660033 0.00628931 0.00995025
0 0.88286164 0.40215589 0.01257862 0.02487562
0 0.45518868 0.30928690 0.00471698 0.01824212
0 0.38522013 0.69237148 0.00786164 0.01492537
0 0.82114780 0.22470978 0.01022013 0.02155887
0 0.63050314 0.71890547 0.00628931 0.01492537
0 0.44693396 0.38142620 0.00550314 0.01326700
0 0.67610063 0.75704809 0.00943396 0.03482587
0 0.38522013 0.57877280 0.00471698 0.00995025
0 0.47562893 0.69320066 0.00786164 0.01326700
0 0.91312893 0.40381426 0.00864780 0.01492537
0 0.35377358 0.39386401 0.00471698 0.01160862
0 0.39190252 0.37893864 0.00707547 0.02155887
0 0.75196541 0.20480929 0.01336478 0.04145937
0 0.35652516 0.73051410 0.01022013 0.01160862
0 0.41155660 0.65257048 0.01022013 0.01160862
0 0.37421384 0.73217247 0.00786164 0.01492537
0 0.37460692 0.38557214 0.00550314 0.00829187
0 0.44575472 0.35157546 0.01729560 0.05306799
0 0.91588050 0.45936982 0.01100629 0.02321725
0 0.39701258 0.74046434 0.00628931 0.01492537
0 0.48860063 0.31923715 0.01179245 0.05804312
0 0.46501572 0.32669983 0.01022013 0.02653400
0 0.56132075 0.75124378 0.00628931 0.02985075
0 0.76768868 0.71807629 0.00550314 0.01658375
0 0.29363208 0.54892206 0.00550314 0.00995025
0 0.59748428 0.71973466 0.00786164 0.01658375
0 0.44418239 0.68242123 0.00628931 0.01492537
0 0.87185535 0.31094527 0.01572327 0.01824212
0 0.36517296 0.40132670 0.00707547 0.01658375
0 0.44418239 0.72719735 0.01100629 0.02155887
0 0.66509434 0.74295191 0.00943396 0.02653400
0 0.31996855 0.60945274 0.01100629 0.01492537
0 0.46776730 0.78441128 0.00471698 0.00995025
0 0.39976415 0.69485904 0.00707547 0.01990050
0 0.37814465 0.65422886 0.00943396 0.01824212
0 0.43356918 0.40961857 0.00393082 0.00995025
0 0.37028302 0.66666667 0.00943396 0.01990050
0 0.30581761 0.61691542 0.00943396 0.01658375
0 0.43789308 0.66583748 0.00471698 0.01160862
0 0.36517296 0.68988391 0.00864780 0.01990050
0 0.42570755 0.43200663 0.00707547 0.01160862
0 0.47602201 0.31260365 0.00707547 0.01824212
0 0.31014151 0.55223881 0.00864780 0.01326700
0 0.39544025 0.46102819 0.00943396 0.01326700
0 0.37460692 0.75290216 0.00393082 0.00995025
0 0.49960692 0.70232172 0.00550314 0.00829187
0 0.37539308 0.46434494 0.00864780 0.02321725
0 0.65133648 0.74295191 0.01179245 0.03316750
0 0.68671384 0.73963516 0.01336478 0.03980100
0 0.33687107 0.67661692 0.00864780 0.01658375
0 0.36635220 0.58126036 0.00943396 0.01492537
0 0.88089623 0.36733002 0.01650943 0.02155887
0 0.27437107 0.54975124 0.00471698 0.01160862
0 0.48663522 0.35572139 0.00628931 0.01492537
0 0.40723270 0.34742952 0.00628931 0.01160862
0 0.80660377 0.21890547 0.01729560 0.03316750
0 0.37578616 0.49253731 0.00943396 0.01658375
0 0.35613208 0.52570481 0.00943396 0.01658375
0 0.40251572 0.38888889 0.00943396 0.02155887
0 0.41470126 0.44527363 0.00707547 0.01492537
0 0.38757862 0.62189055 0.00628931 0.00995025
0 0.49567610 0.74958541 0.00864780 0.02321725
0 0.40998428 0.69320066 0.00707547 0.01990050
0 0.49410377 0.72222222 0.00864780 0.02487562
0 0.42688679 0.36815920 0.01100629 0.01990050
0 0.36674528 0.64593698 0.01022013 0.02155887
0 0.51297170 0.30514096 0.01493711 0.04975124
0 0.37342767 0.70480929 0.00943396 0.01990050
0 0.31839623 0.48424544 0.00628931 0.01658375
0 0.90172956 0.44859038 0.00943396 0.02155887
0 0.40408805 0.66998342 0.00786164 0.01658375
0 0.37971698 0.51907131 0.00786164 0.01658375
0 0.59198113 0.25373134 0.01100629 0.03316750
0 0.41784591 0.33084577 0.00393082 0.00829187
0 0.58215409 0.75207297 0.00864780 0.04477612
0 0.89386792 0.49087894 0.01886792 0.01658375
0 0.45715409 0.77197347 0.00393082 0.01160862
0 0.70872642 0.22305141 0.00864780 0.03482587
0 0.42767296 0.67330017 0.00943396 0.01658375
0 0.55738994 0.72139303 0.00471698 0.00995025
0 0.62696541 0.20646766 0.00550314 0.01160862
0 0.63954403 0.74543947 0.01022013 0.03814262
0 0.76061321 0.20563847 0.01179245 0.03980100
0 0.33529874 0.50829187 0.01022013 0.01492537
0 0.85731132 0.60364842 0.01808176 0.02985075
0 0.36831761 0.51658375 0.01022013 0.01824212
0 0.59316038 0.77694859 0.00707547 0.02487562
0 0.32468553 0.46517413 0.00786164 0.01492537
0 0.47602201 0.76865672 0.00864780 0.01824212
0 0.72209119 0.21558872 0.01179245 0.04643449
0 0.85495283 0.63184080 0.00550314 0.01326700
0 0.35927673 0.66666667 0.00786164 0.01990050
0 0.60770440 0.21558872 0.00628931 0.00995025
0 0.42649371 0.34328358 0.00864780 0.01658375
0 0.51415094 0.73631841 0.00628931 0.01990050
0 0.62578616 0.78026534 0.00628931 0.00829187
0 0.46894654 0.68159204 0.00393082 0.00995025
0 0.45440252 0.34245439 0.01572327 0.04477612
0 0.31485849 0.59203980 0.01022013 0.01658375
0 0.91352201 0.35820896 0.00786164 0.01990050
0 0.45636792 0.68739635 0.00550314 0.01160862
0 0.89190252 0.51658375 0.02437107 0.02155887
0 0.39308176 0.71807629 0.00628931 0.01990050
0 0.74095912 0.71641791 0.01022013 0.03980100
0 0.46108491 0.72968491 0.01650943 0.03648425
0 0.43750000 0.75207297 0.00707547 0.02155887
0 0.55031447 0.74046434 0.00786164 0.02487562
0 0.83294025 0.23217247 0.01179245 0.02653400
0 0.56643082 0.24295191 0.00393082 0.01160862
0 0.37775157 0.63018242 0.01022013 0.01326700
0 0.86871069 0.28524046 0.01415094 0.01990050
0 0.53734277 0.27611940 0.01179245 0.04477612
0 0.54127358 0.75207297 0.00707547 0.03482587
0 0.73388365 0.71641791 0.01650943 0.03316750
0 0.36674528 0.45273632 0.01022013 0.01990050
0 0.60534591 0.25041459 0.01257862 0.03980100
0 0.57154088 0.27363184 0.00786164 0.03316750
0 0.89229560 0.36318408 0.00471698 0.01326700
0 0.61910377 0.24461028 0.01179245 0.05140962
0 0.50786164 0.78192371 0.00471698 0.01824212
0 0.46737421 0.35323383 0.00864780 0.01658375
0 0.52279874 0.71890547 0.00628931 0.01160862
0 0.47562893 0.80514096 0.00471698 0.00829187
0 0.27830189 0.52902156 0.00628931 0.01326700
