0 0.93359375 0.97460938 0.06250000 0.04296875
0 0.05078125 0.26757812 0.06250000 0.05078125
0 0.65820312 0.48437500 0.05859375 0.04687500
0 0.37695312 0.28906250 0.05078125 0.05468750
0 0.37500000 0.63867188 0.06250000 0.03515625
0 0.27734375 0.33398438 0.06250000 0.04296875
0 0.54687500 0.87695312 0.05468750 0.04296875
0 0.58593750 0.28320312 0.07031250 0.04296875
0 0.63671875 0.03125000 0.04687500 0.03906250
0 0.47851562 0.42382812 0.05078125 0.03515625
0 0.21484375 0.28515625 0.05468750 0.04687500
0 0.11523438 0.24023438 0.06640625 0.05078125
0 0.46875000 0.47070312 0.04687500 0.05859375
0 0.75000000 0.98828125 0.06250000 0.02343750
0 0.22070312 0.91406250 0.07421875 0.04687500
0 0.31835938 0.44140625 0.04296875 0.06250000
0 0.28710938 0.72851562 0.05078125 0.03515625
0 0.83007812 0.51367188 0.08203125 0.07421875
0 0.46484375 0.97070312 0.07031250 0.03515625
0 0.36718750 0.15429688 0.07812500 0.04296875
0 0.22070312 0.03125000 0.05859375 0.03906250
0 0.78710938 0.34179688 0.06640625 0.06640625
0 0.21289062 0.76953125 0.05859375 0.03906250
0 0.33789062 0.04101562 0.05859375 0.04296875
0 0.91210938 0.93945312 0.05859375 0.03515625
0 0.19531250 0.44921875 0.07031250 0.08593750
0 0.33203125 0.00585938 0.05468750 0.01171875
0 0.30078125 0.06640625 0.07812500 0.04687500
0 0.89648438 0.02929688 0.05859375 0.04296875
0 0.08398438 0.92773438 0.07421875 0.04296875
0 0.99218750 0.27343750 0.01562500 0.03906250
0 0.83203125 0.56835938 0.05468750 0.04296875
0 0.10351562 0.58789062 0.05859375 0.05859375
0 0.97851562 0.17968750 0.04296875 0.05468750
0 0.60156250 0.17382812 0.06250000 0.04296875
0 0.43164062 0.87304688 0.08203125 0.05078125
0 0.76562500 0.03906250 0.07031250 0.05468750
0 0.80273438 0.69921875 0.05078125 0.03906250
0 0.14062500 0.84179688 0.05468750 0.03515625
0 0.88867188 0.85742188 0.05859375 0.04296875
0 0.11718750 0.13671875 0.07031250 0.03906250
0 0.71679688 0.15429688 0.06640625 0.05078125
0 0.66015625 0.69140625 0.07031250 0.04687500
