0 0.31609195 0.15000000 0.04310345 0.06153846
0 0.28520115 0.91153846 0.05316092 0.06153846
0 0.43678161 0.61730769 0.04885057 0.08461538
0 0.78089080 0.68461538 0.05890805 0.04615385
0 0.13793103 0.53461538 0.04885057 0.05384615
0 0.83261494 0.15769231 0.03304598 0.06538462
0 0.18678161 0.58846154 0.04885057 0.05384615
0 0.26005747 0.80000000 0.03735632 0.04615385
0 0.77227011 0.61923077 0.04454023 0.07692308
0 0.56034483 0.42884615 0.05172414 0.03846154
0 0.33836207 0.46057692 0.05316092 0.03653846
0 0.32183908 0.73846154 0.05747126 0.04615385
0 0.22988506 0.02211538 0.03160920 0.04423077
0 0.40229885 0.86538462 0.03448276 0.06538462
0 0.61566092 0.34423077 0.04454023 0.06923077
0 0.30387931 0.41442308 0.03591954 0.05192308
0 0.08477011 0.33557692 0.04885057 0.05961538
0 0.40301724 0.93269231 0.04454023 0.06153846
0 0.51005747 0.29326923 0.05459770 0.06346154
0 0.35919540 0.08076923 0.03735632 0.05000000
0 0.84267241 0.79519231 0.03879310 0.05576923
0 0.78591954 0.98173077 0.03735632 0.03653846
0 0.16594828 0.92019231 0.03879310 0.04807692
0 0.68750000 0.60096154 0.06178161 0.04807692
0 0.82471264 0.27788462 0.04310345 0.05192308
0 0.53304598 0.99038462 0.04022989 0.01923077
0 0.75215517 0.49326923 0.03591954 0.08269231
0 0.90948276 0.50480769 0.02873563 0.05576923
0 0.97844828 0.91538462 0.04310345 0.10384615
0 0.44971264 0.38846154 0.04885057 0.07307692
0 0.45977011 0.17884615 0.04885057 0.05769231
0 0.56393678 0.22500000 0.05890805 0.05384615
0 0.85704023 0.35480769 0.04166667 0.06346154
0 0.34841954 0.36250000 0.03591954 0.06346154
0 0.59554598 0.67307692 0.03591954 0.10769231
0 0.39295977 0.13076923 0.04166667 0.05000000
0 0.71120690 0.85769231 0.03448276 0.10384615
0 0.78879310 0.37115385 0.03160920 0.06538462
0 0.25143678 0.54423077 0.04597701 0.04230769
0 0.11063218 0.19615385 0.03735632 0.05000000
0 0.65229885 0.99615385 0.01436782 0.00769231
0 0.98706897 0.63076923 0.02586207 0.04230769
0 0.32040230 0.22596154 0.04885057 0.07115385
0 0.70833333 0.27211538 0.06896552 0.06730769
0 0.27801724 0.70384615 0.05316092 0.04230769
0 0.31034483 0.06346154 0.03448276 0.05769231
0 0.25359195 0.45384615 0.03879310 0.04230769
0 0.81393678 0.45769231 0.05316092 0.05384615
0 0.20545977 0.11923077 0.03160920 0.06538462
0 0.69324713 0.44807692 0.03879310 0.06538462
0 0.64870690 0.73557692 0.04166667 0.07884615
0 0.18318966 0.25096154 0.03879310 0.05576923
0 0.61637931 0.53557692 0.00862069 0.00961538
0 0.02658046 0.77307692 0.04166667 0.06923077
0 0.35919540 0.42788462 0.04310345 0.05192308
0 0.47341954 0.93942308 0.04454023 0.08653846
0 0.25790230 0.20384615 0.03879310 0.05000000
0 0.04597701 0.29230769 0.05172414 0.04615385
0 0.92169540 0.98365385 0.04741379 0.03269231
0 0.94899425 0.40576923 0.01005747 0.01538462
0 0.26580460 0.15961538 0.03735632 0.05384615
0 0.23994253 0.94326923 0.05747126 0.05576923
0 0.17241379 0.98269231 0.07758621 0.03461538
0 0.92097701 0.71250000 0.04885057 0.05961538
0 0.05962644 0.54326923 0.03879310 0.05192308
0 0.01364943 0.87019231 0.02729885 0.05192308
0 0.62931034 0.88942308 0.03448276 0.04423077
0 0.79454023 0.83173077 0.04310345 0.06346154
0 0.58836207 0.09807692 0.04166667 0.05384615
0 0.44827586 0.07019231 0.04022989 0.05192308
0 0.52370690 0.04230769 0.03591954 0.05769231
0 0.75502874 0.18269231 0.04741379 0.05769231
0 0.28807471 0.10865385 0.04454023 0.06730769
0 0.09339080 0.28750000 0.04022989 0.06346154
0 0.64080460 0.14038462 0.04885057 0.04615385
0 0.58836207 0.85000000 0.03879310 0.05769231
0 0.97844828 0.72019231 0.04310345 0.05576923
0 0.87931034 0.87596154 0.03735632 0.05961538
0 0.99640805 0.20769231 0.00718391 0.03461538
0 0.58117816 0.80384615 0.03879310 0.06923077
0 0.01508621 0.07019231 0.03017241 0.04423077
0 0.31681034 0.99038462 0.06178161 0.01923077
0 0.12859195 0.62211538 0.04454023 0.05192308
0 0.44037356 0.28173077 0.03591954 0.07884615
0 0.07974138 0.73076923 0.04166667 0.05769231
0 0.88649425 0.64326923 0.04310345 0.04807692
0 0.59841954 0.26826923 0.04741379 0.05961538
0 0.00862069 0.01826923 0.01724138 0.03653846
0 0.15086207 0.01923077 0.03735632 0.03846154
0 0.68821839 0.54807692 0.03160920 0.05384615
0 0.09267241 0.65000000 0.05028736 0.05384615
0 0.35632184 0.32403846 0.04310345 0.05576923
0 0.61853448 0.50576923 0.03017241 0.06153846
0 0.26652299 0.74615385 0.03879310 0.04615385
0 0.85560345 0.99134615 0.02155172 0.01730769
0 0.19324713 0.76538462 0.03879310 0.07692308
0 0.71839080 0.68269231 0.03448276 0.06153846
0 0.88074713 0.21730769 0.03448276 0.07307692
0 0.02442529 0.36250000 0.04597701 0.05192308
0 0.07543103 0.42211538 0.03879310 0.05192308
0 0.95977011 0.31250000 0.04885057 0.05192308
0 0.83405172 0.02596154 0.03017241 0.05192308
0 0.27945402 0.30192308 0.04166667 0.06153846
0 0.97916667 0.81153846 0.04166667 0.04615385
0 0.13649425 0.08269231 0.03448276 0.06153846
0 0.04813218 0.21057692 0.03879310 0.05576923
0 0.47054598 0.51057692 0.04166667 0.05961538
0 0.73994253 0.93557692 0.04310345 0.05576923
0 0.47413793 0.75769231 0.04597701 0.09615385
0 0.50359195 0.64423077 0.04166667 0.08846154
0 0.31896552 0.64903846 0.05459770 0.05192308
0 0.48204023 0.08365385 0.04741379 0.04423077
0 0.28017241 0.50576923 0.06034483 0.05000000
0 0.35919540 0.57307692 0.04597701 0.06923077
0 0.97557471 0.51057692 0.04885057 0.05576923
0 0.61637931 0.07884615 0.04597701 0.05384615
0 0.35919540 0.04134615 0.04310345 0.04423077
0 0.87643678 0.56153846 0.04597701 0.06923077
0 0.05675287 0.02115385 0.04454023 0.04230769
0 0.12931034 0.20865385 0.01149425 0.01346154
0 0.94324713 0.55288462 0.03304598 0.05576923
0 0.03520115 0.14134615 0.05028736 0.05192308
0 0.90445402 0.38076923 0.03879310 0.04615385
0 0.22198276 0.34423077 0.04166667 0.04230769
0 0.93462644 0.92403846 0.04166667 0.05576923
0 0.09770115 0.80480769 0.04022989 0.05192308
0 0.58117816 0.32692308 0.03304598 0.06153846
0 0.77945402 0.53365385 0.03017241 0.04423077
0 0.28807471 0.36826923 0.04166667 0.04807692
0 0.83692529 0.58750000 0.03591954 0.05192308
0 0.62356322 0.94615385 0.04022989 0.05000000
0 0.33261494 0.85480769 0.03879310 0.06346154
0 0.15014368 0.40384615 0.04454023 0.05000000
0 0.77514368 0.09423077 0.03017241 0.05384615
0 0.93462644 0.18750000 0.03591954 0.07500000
0 0.97772989 0.47115385 0.04454023 0.04615385
0 0.24137931 0.67500000 0.05459770 0.04230769
0 0.52514368 0.11923077 0.04166667 0.05769231
0 0.97629310 0.37788462 0.04741379 0.05192308
0 0.68965517 0.09326923 0.04885057 0.04423077
0 0.88721264 0.73076923 0.04166667 0.07307692
0 0.13577586 0.87596154 0.03304598 0.06346154
0 0.54094828 0.74230769 0.04454023 0.09230769
0 0.12859195 0.72307692 0.03591954 0.06538462
0 0.86781609 0.82211538 0.03160920 0.05961538
0 0.36135057 0.78461538 0.05603448 0.05384615
0 0.15732759 0.83269231 0.03591954 0.05384615
