0 0.52031250 0.87695312 0.07187500 0.15234375
0 0.61250000 0.62890625 0.07500000 0.10937500
0 0.03437500 0.54296875 0.06875000 0.08593750
0 0.95937500 0.66015625 0.07500000 0.07812500
0 0.51250000 0.72460938 0.05625000 0.06640625
0 0.93750000 0.77148438 0.03125000 0.02734375
0 0.47187500 0.78710938 0.04375000 0.08203125
0 0.36718750 0.69921875 0.06562500 0.09375000
0 0.27343750 0.93359375 0.08437500 0.09375000
0 0.30937500 0.38085938 0.05625000 0.05078125
0 0.94531250 0.00781250 0.05312500 0.01562500
0 0.54062500 0.52929688 0.05000000 0.05078125
0 0.09687500 0.45117188 0.06875000 0.09765625
0 0.25625000 0.47265625 0.07500000 0.10937500
0 0.77500000 0.22460938 0.06250000 0.07421875
0 0.99218750 0.49218750 0.01562500 0.05468750
0 0.81718750 0.03125000 0.04687500 0.06250000
0 0.89062500 0.26953125 0.06875000 0.07812500
0 0.32187500 0.56640625 0.03750000 0.04687500
0 0.44062500 0.03125000 0.05625000 0.06250000
0 0.80937500 0.73828125 0.04375000 0.04687500
0 0.03593750 0.40039062 0.07187500 0.17578125
0 0.82656250 0.91992188 0.09687500 0.08203125
0 0.92031250 0.39453125 0.09687500 0.07031250
0 0.89218750 0.69335938 0.04687500 0.05078125
0 0.13281250 0.83203125 0.07812500 0.14062500
0 0.96562500 0.22070312 0.06875000 0.08203125
0 0.13593750 0.52539062 0.04687500 0.05078125
0 0.22187500 0.96679688 0.06250000 0.06640625
0 0.88906250 0.16796875 0.11562500 0.14062500
0 0.78906250 0.77148438 0.05937500 0.05859375
0 0.53437500 0.03320312 0.05000000 0.06640625
0 0.87031250 0.05273438 0.06562500 0.08203125
0 0.29531250 0.17382812 0.07812500 0.13671875
0 0.07187500 0.66406250 0.04375000 0.06250000
0 0.08750000 0.57031250 0.04375000 0.09375000
0 0.45937500 0.48828125 0.06250000 0.16406250
0 0.44218750 0.33203125 0.12812500 0.15625000
0 0.04531250 0.69140625 0.02812500 0.04687500
0 0.75937500 0.41992188 0.08125000 0.08203125
0 0.43437500 0.20507812 0.06875000 0.10546875
0 0.56093750 0.54882812 0.07812500 0.08984375
0 0.98125000 0.73046875 0.03750000 0.07031250
0 0.69687500 0.36718750 0.06250000 0.09375000
0 0.93593750 0.10156250 0.05312500 0.07031250
0 0.21875000 0.58007812 0.05000000 0.05859375
0 0.40468750 0.95117188 0.07187500 0.09765625
0 0.90468750 0.64843750 0.04062500 0.04687500
0 0.02968750 0.85351562 0.05937500 0.06640625
0 0.32343750 0.44531250 0.06562500 0.08593750
0 0.99218750 0.33007812 0.01562500 0.07421875
0 0.03906250 0.95507812 0.07187500 0.08984375
0 0.28125000 0.30078125 0.06250000 0.09375000
0 0.95156250 0.49414062 0.05937500 0.05078125
0 0.53906250 0.11523438 0.09062500 0.10546875
0 0.87968750 0.49804688 0.07187500 0.09765625
0 0.81562500 0.97851562 0.05625000 0.04296875
0 0.94062500 0.73242188 0.02500000 0.02734375
0 0.65468750 0.33593750 0.05312500 0.09375000
0 0.49531250 0.47656250 0.05312500 0.06250000
0 0.13593750 0.57031250 0.04687500 0.04687500
0 0.97968750 0.07617188 0.01562500 0.01953125
0 0.18593750 0.66210938 0.07812500 0.08984375
0 0.11718750 0.98632812 0.05312500 0.02734375
0 0.68750000 0.61718750 0.06875000 0.08593750
0 0.57500000 0.91992188 0.09375000 0.16015625
0 0.24843750 0.78906250 0.08437500 0.09375000
0 0.76250000 0.64453125 0.06875000 0.10937500
0 0.98281250 0.79492188 0.03437500 0.04296875
0 0.01562500 0.68945312 0.03125000 0.07421875
0 0.79062500 0.70898438 0.03125000 0.05078125
0 0.55781250 0.47656250 0.07812500 0.05468750
0 0.25312500 0.60937500 0.06875000 0.10156250
0 0.01875000 0.04101562 0.03750000 0.08203125
