0 0.09960938 0.23437500 0.03515625 0.05468750
0 0.35156250 0.50390625 0.03125000 0.03906250
0 0.61328125 0.17187500 0.04687500 0.05468750
0 0.08984375 0.35546875 0.02343750 0.03125000
0 0.24414062 0.90234375 0.04296875 0.04687500
0 0.28125000 0.96484375 0.06250000 0.05468750
0 0.60742188 0.02734375 0.05078125 0.05468750
0 0.21289062 0.02343750 0.02734375 0.03125000
0 0.44531250 0.51171875 0.03906250 0.04687500
0 0.29101562 0.42968750 0.04296875 0.03906250
0 0.21093750 0.05273438 0.03125000 0.02734375
0 0.22070312 0.10937500 0.05078125 0.09375000
0 0.04101562 0.26367188 0.04296875 0.05078125
0 0.18554688 0.10156250 0.04296875 0.04687500
0 0.50390625 0.43945312 0.04687500 0.04296875
0 0.49023438 0.31640625 0.04296875 0.05468750
0 0.11328125 0.33593750 0.03906250 0.03125000
0 0.14843750 0.08398438 0.04687500 0.03515625
0 0.60937500 0.31054688 0.04687500 0.04296875
0 0.19335938 0.86523438 0.03515625 0.04296875
0 0.34375000 0.97851562 0.03906250 0.04296875
0 0.15429688 0.97656250 0.03515625 0.03125000
0 0.12695312 0.91796875 0.04296875 0.04687500
0 0.05273438 0.40820312 0.03515625 0.04296875
0 0.12109375 0.37500000 0.03906250 0.03906250
0 0.77343750 0.08593750 0.04687500 0.03906250
