0 0.88793103 0.24807692 0.04597701 0.05769231
0 0.27227011 0.98653846 0.03879310 0.02692308
0 0.56250000 0.61923077 0.03591954 0.08076923
0 0.93750000 0.07307692 0.03879310 0.04615385
0 0.58979885 0.60384615 0.03879310 0.05000000
0 0.96551724 0.57307692 0.06321839 0.05384615
0 0.55316092 0.37980769 0.04310345 0.10192308
0 0.48491379 0.17019231 0.03591954 0.04038462
0 0.57183908 0.83942308 0.04022989 0.08269231
0 0.53232759 0.71153846 0.05028736 0.05769231
0 0.00431034 0.74326923 0.00862069 0.03653846
0 0.70977011 0.37788462 0.03448276 0.04807692
0 0.49497126 0.23173077 0.03304598 0.06730769
0 0.11637931 0.15480769 0.04310345 0.07500000
0 0.17097701 0.19326923 0.03735632 0.05192308
0 0.62859195 0.75480769 0.03879310 0.07884615
0 0.59051724 0.53557692 0.05172414 0.05192308
0 0.85201149 0.15673077 0.02298851 0.02884615
0 0.03089080 0.98269231 0.02729885 0.03461538
0 0.70833333 0.57884615 0.05459770 0.06538462
0 0.25790230 0.70384615 0.03591954 0.07692308
0 0.89942529 0.02500000 0.04885057 0.05000000
0 0.82830460 0.01057692 0.02155172 0.02115385
0 0.82112069 0.27115385 0.04166667 0.05000000
0 0.84339080 0.70192308 0.05459770 0.05384615
0 0.76149425 0.31730769 0.04022989 0.07307692
0 0.78663793 0.17019231 0.05603448 0.05576923
0 0.74784483 0.93461538 0.05028736 0.06153846
0 0.07902299 0.92788462 0.03448276 0.10192308
0 0.66666667 0.30576923 0.06034483 0.05000000
0 0.40445402 0.66057692 0.07040230 0.06346154
0 0.52801724 0.82211538 0.02729885 0.05961538
0 0.76580460 0.09038462 0.04022989 0.03076923
0 0.41163793 0.28750000 0.05316092 0.05576923
0 0.01795977 0.61634615 0.03591954 0.05192308
0 0.21623563 0.03750000 0.03591954 0.05961538
0 0.71982759 0.43076923 0.04597701 0.04615385
0 0.37284483 0.19519231 0.05316092 0.04807692
0 0.57471264 0.13846154 0.05747126 0.05384615
0 0.15373563 0.63365385 0.03735632 0.07115385
0 0.47916667 0.51442308 0.03879310 0.06346154
0 0.02370690 0.06923077 0.04741379 0.06153846
0 0.54238506 0.20384615 0.03304598 0.06538462
0 0.70402299 0.01442308 0.04022989 0.02884615
0 0.52586207 0.97692308 0.04597701 0.04615385
0 0.82686782 0.81346154 0.05028736 0.04230769
0 0.67600575 0.12211538 0.05603448 0.04423077
0 0.49137931 0.86826923 0.03448276 0.04807692
0 0.86063218 0.59615385 0.07471264 0.06538462
0 0.33189655 0.25096154 0.04310345 0.04423077
0 0.66882184 0.59423077 0.03591954 0.05384615
0 0.64870690 0.67115385 0.03591954 0.04615385
0 0.15517241 0.78365385 0.06321839 0.08269231
0 0.97916667 0.91057692 0.04166667 0.06730769
0 0.86997126 0.14134615 0.02155172 0.03269231
0 0.67887931 0.98365385 0.03591954 0.03269231
0 0.40301724 0.88557692 0.03304598 0.05192308
0 0.93247126 0.78269231 0.05747126 0.04615385
0 0.43390805 0.85288462 0.03448276 0.05961538
0 0.99353448 0.39807692 0.01293103 0.04230769
0 0.03160920 0.02115385 0.06321839 0.04230769
0 0.47772989 0.89807692 0.03879310 0.05000000
0 0.64224138 0.24038462 0.03160920 0.08076923
0 0.81321839 0.44807692 0.04885057 0.06153846
0 0.01580460 0.16346154 0.03160920 0.04230769
0 0.56824713 0.92307692 0.03879310 0.06153846
0 0.29166667 0.37788462 0.05747126 0.04038462
0 0.54885057 0.02500000 0.04597701 0.05000000
0 0.57183908 0.05192308 0.04310345 0.04615385
0 0.93750000 0.22115385 0.03017241 0.05769231
0 0.36925287 0.09423077 0.04022989 0.06153846
0 0.63936782 0.43653846 0.04022989 0.05000000
0 0.67025862 0.38653846 0.03304598 0.05769231
0 0.39655172 0.53269231 0.04310345 0.04615385
0 0.99712644 0.62980769 0.00574713 0.01346154
0 0.04454023 0.25576923 0.05459770 0.04615385
0 0.12284483 0.33653846 0.05028736 0.06538462
0 0.00718391 0.29807692 0.01436782 0.03076923
0 0.77801724 0.70961538 0.04166667 0.08076923
0 0.27011494 0.33750000 0.05459770 0.05192308
0 0.07543103 0.68461538 0.03304598 0.07307692
0 0.04022989 0.81538462 0.04885057 0.04615385
0 0.38290230 0.39807692 0.05890805 0.05769231
0 0.02370690 0.40576923 0.04741379 0.07692308
0 0.25502874 0.52403846 0.03591954 0.04038462
0 0.46623563 0.25384615 0.04741379 0.05000000
0 0.90589080 0.90096154 0.04166667 0.05961538
0 0.89152299 0.32307692 0.04454023 0.05384615
0 0.79094828 0.29134615 0.03017241 0.06346154
0 0.26867816 0.07115385 0.03735632 0.04230769
0 0.09410920 0.56826923 0.03879310 0.06346154
0 0.17241379 0.09903846 0.03448276 0.06346154
0 0.01508621 0.86634615 0.03017241 0.05192308
0 0.92672414 0.98173077 0.03448276 0.03653846
0 0.94181034 0.40769231 0.04741379 0.06923077
0 0.84267241 0.89615385 0.05603448 0.06153846
0 0.19612069 0.96153846 0.04454023 0.06153846
0 0.88074713 0.78173077 0.04022989 0.05961538
0 0.92959770 0.83461538 0.04597701 0.05769231
0 0.24137931 0.15673077 0.03735632 0.05961538
0 0.24712644 0.49423077 0.03160920 0.03076923
0 0.03160920 0.45192308 0.04310345 0.06923077
0 0.98563218 0.44519231 0.02873563 0.07115385
0 0.30387931 0.53076923 0.05028736 0.07692308
0 0.90445402 0.42980769 0.03879310 0.07115385
0 0.13218391 0.43942308 0.06609195 0.07115385
0 0.85991379 0.47980769 0.05028736 0.05192308
0 0.46408046 0.00384615 0.01724138 0.00769231
0 0.95545977 0.10865385 0.04597701 0.04038462
0 0.71623563 0.32692308 0.03879310 0.05000000
0 0.13218391 0.58173077 0.04310345 0.06346154
0 0.61494253 0.39615385 0.04310345 0.04615385
0 0.21048851 0.27115385 0.04741379 0.06923077
0 0.95474138 0.73846154 0.08189655 0.05769231
0 0.71120690 0.75673077 0.04885057 0.10576923
0 0.66666667 0.19615385 0.04022989 0.05384615
0 0.79956897 0.37884615 0.03591954 0.06153846
0 0.69396552 0.49423077 0.05172414 0.05384615
0 0.86135057 0.44615385 0.04454023 0.05000000
0 0.30675287 0.14519231 0.03879310 0.05576923
0 0.61135057 0.05673077 0.03304598 0.04807692
0 0.43462644 0.06730769 0.04166667 0.05384615
0 0.95043103 0.35288462 0.04166667 0.05576923
