0 0.04296875 0.58984375 0.03906250 0.04687500
0 0.76562500 0.80078125 0.04687500 0.04687500
0 0.10742188 0.06445312 0.03515625 0.03515625
0 0.52929688 0.94726562 0.04296875 0.04296875
0 0.82031250 0.85742188 0.03906250 0.05078125
0 0.40234375 0.04101562 0.03906250 0.04296875
0 0.37304688 0.03515625 0.03515625 0.03906250
0 0.38867188 0.01171875 0.03515625 0.02343750
0 0.97656250 0.00976562 0.04687500 0.01953125
0 0.89843750 0.93164062 0.03906250 0.04296875
0 0.90039062 0.99218750 0.03515625 0.01562500
0 0.73046875 0.80078125 0.03906250 0.04687500
0 0.96093750 0.64453125 0.03906250 0.03906250
0 0.97851562 0.59375000 0.04296875 0.06250000
0 0.07617188 0.06054688 0.03515625 0.03515625
0 0.43359375 0.00976562 0.03906250 0.01953125
