0 0.98778736 0.48846154 0.02442529 0.11153846
0 0.30747126 0.45576923 0.08620690 0.15000000
0 0.96120690 0.24519231 0.07758621 0.11730769
0 0.20905172 0.95961538 0.08189655 0.08076923
0 0.99209770 0.63461538 0.01580460 0.08461538
0 0.22198276 0.17019231 0.06178161 0.10576923
0 0.81609195 0.68173077 0.08333333 0.09423077
0 0.53017241 0.93269231 0.07183908 0.10769231
0 0.00574713 0.63365385 0.01149425 0.10576923
0 0.47629310 0.89615385 0.08189655 0.10000000
0 0.15589080 0.71730769 0.06178161 0.12692308
0 0.50215517 0.46826923 0.07614943 0.13269231
0 0.56250000 0.69038462 0.05603448 0.07692308
0 0.97270115 0.01538462 0.05459770 0.03076923
0 0.31824713 0.02596154 0.04454023 0.05192308
0 0.68678161 0.04615385 0.06896552 0.09230769
0 0.65158046 0.50961538 0.09339080 0.09615385
0 0.90804598 0.26538462 0.08333333 0.11538462
0 0.68534483 0.70192308 0.07183908 0.14230769
0 0.54813218 0.76730769 0.08477011 0.08461538
0 0.21048851 0.34711538 0.08764368 0.12115385
0 0.63864943 0.99903846 0.06752874 0.00192308
0 0.84339080 0.02211538 0.06034483 0.04423077
0 0.04525862 0.29423077 0.06465517 0.13076923
0 0.09339080 0.11538462 0.06609195 0.11923077
0 0.01005747 0.83846154 0.02011494 0.08076923
0 0.33908046 0.75480769 0.10057471 0.10192308
0 0.83836207 0.49807692 0.05603448 0.10000000
0 0.58045977 0.04903846 0.08620690 0.09807692
0 0.76508621 0.38653846 0.06465517 0.11538462
0 0.64008621 0.98173077 0.07040230 0.03653846
0 0.00933908 0.97788462 0.01867816 0.04423077
0 0.58692529 0.61250000 0.07040230 0.07500000
0 0.65589080 0.91442308 0.08764368 0.10576923
0 0.76508621 0.28269231 0.07614943 0.09230769
0 0.90086207 0.90096154 0.09482759 0.07884615
0 0.09267241 0.21923077 0.08189655 0.10769231
0 0.03951149 0.66923077 0.06465517 0.14230769
