0 0.35742188 0.73828125 0.10546875 0.08593750
0 0.68164062 0.61523438 0.09765625 0.10546875
0 0.12500000 0.05468750 0.08593750 0.08593750
0 0.97851562 0.09179688 0.04296875 0.08984375
0 0.90820312 0.01171875 0.08203125 0.02343750
0 0.89062500 0.18554688 0.09375000 0.08984375
0 0.47070312 0.09960938 0.10546875 0.08984375
0 0.39453125 0.26953125 0.09375000 0.08593750
0 0.02734375 0.97265625 0.05468750 0.05468750
0 0.79101562 0.69726562 0.11328125 0.09765625
0 0.36523438 0.00585938 0.05078125 0.01171875
0 0.98828125 0.01171875 0.02343750 0.02343750
0 0.14843750 0.70898438 0.09375000 0.09765625
0 0.59960938 0.15820312 0.09765625 0.08984375
0 0.83789062 0.80468750 0.08203125 0.07812500
0 0.61523438 0.32226562 0.08984375 0.08984375
0 0.18359375 0.51757812 0.09375000 0.09765625
0 0.20507812 0.33203125 0.08984375 0.08593750
0 0.37109375 0.62695312 0.10156250 0.08984375
0 0.83593750 0.09765625 0.08593750 0.09375000
0 0.56054688 0.63867188 0.10546875 0.09765625
0 0.70507812 0.96093750 0.08203125 0.07812500
0 0.06054688 0.84179688 0.08984375 0.08984375
0 0.67382812 0.07617188 0.11328125 0.10546875
0 0.75585938 0.87109375 0.08203125 0.07812500
0 0.72070312 0.37109375 0.07421875 0.10937500
0 0.49218750 0.81250000 0.10156250 0.09375000
0 0.61523438 0.46875000 0.10546875 0.10156250
0 0.23242188 0.01953125 0.08984375 0.03906250
0 0.32031250 0.51367188 0.09375000 0.08203125
0 0.81640625 0.33984375 0.11718750 0.09375000
0 0.03710938 0.62695312 0.07421875 0.09765625
0 0.94140625 0.96289062 0.10156250 0.07421875
0 0.01367188 0.11523438 0.02734375 0.08203125
0 0.26757812 0.09179688 0.09765625 0.09765625
0 0.85937500 0.43750000 0.25000000 0.11718750
0 0.38476562 0.42187500 0.08984375 0.07812500
0 0.74804688 0.04101562 0.09765625 0.08203125
0 0.10742188 0.95898438 0.09765625 0.08203125
0 0.93554688 0.31250000 0.12890625 0.13281250
0 0.68554688 0.23046875 0.08984375 0.09375000
0 0.51171875 0.24023438 0.09375000 0.08203125
0 0.72851562 0.16796875 0.10546875 0.09375000
0 0.79492188 0.21679688 0.09765625 0.08984375
0 0.10351562 0.15820312 0.09765625 0.08984375
0 0.04101562 0.03710938 0.08203125 0.07421875
0 0.96484375 0.66601562 0.07031250 0.10546875
0 0.33203125 0.90429688 0.09375000 0.08984375
0 0.53320312 0.01757812 0.05859375 0.03515625
0 0.82617188 0.01367188 0.08203125 0.02734375
0 0.60156250 0.03125000 0.07812500 0.06250000
0 0.89257812 0.53320312 0.09765625 0.09765625
