0 0.95114943 0.77692308 0.07758621 0.10384615
0 0.99281609 0.50384615 0.01436782 0.05000000
0 0.32040230 0.15480769 0.05747126 0.14807692
0 0.41954023 0.28750000 0.06321839 0.10961538
0 0.91235632 0.78173077 0.04885057 0.04807692
0 0.14295977 0.91538462 0.07327586 0.09615385
0 0.48491379 0.10192308 0.07902299 0.10000000
0 0.06896552 0.19326923 0.06034483 0.13269231
0 0.70474138 0.91634615 0.06465517 0.14038462
0 0.34554598 0.52692308 0.08477011 0.07307692
0 0.94181034 0.18269231 0.06465517 0.11538462
0 0.63793103 0.47980769 0.05459770 0.12500000
0 0.50718391 0.42115385 0.06609195 0.13076923
0 0.71982759 0.29423077 0.00862069 0.01538462
0 0.67241379 0.05288462 0.09195402 0.09423077
0 0.38146552 0.62307692 0.10201149 0.08846154
0 0.77729885 0.60384615 0.09482759 0.08846154
0 0.35057471 0.71057692 0.07758621 0.12115385
0 0.69540230 0.25480769 0.06896552 0.14807692
0 0.76221264 0.78846154 0.07327586 0.09230769
0 0.89727011 0.33557692 0.08477011 0.08269231
0 0.88074713 0.88942308 0.09482759 0.05961538
0 0.06752874 0.03076923 0.09770115 0.06153846
0 0.18965517 0.85192308 0.06896552 0.13846154
0 0.93821839 0.84326923 0.04022989 0.04807692
0 0.27873563 0.82788462 0.00574713 0.01346154
0 0.77155172 0.27884615 0.06034483 0.13076923
0 0.02729885 0.14711538 0.05459770 0.12500000
0 0.00502874 0.91153846 0.01005747 0.01923077
0 0.02370690 0.31153846 0.04741379 0.08461538
0 0.01293103 0.53942308 0.02586207 0.07884615
0 0.03591954 0.95384615 0.06609195 0.09230769
0 0.75215517 0.23365385 0.06178161 0.13269231
0 0.89008621 0.03173077 0.05890805 0.06346154
0 0.58620690 0.36634615 0.06034483 0.13269231
0 0.42313218 0.05769231 0.07040230 0.08461538
0 0.12859195 0.91634615 0.06465517 0.13269231
0 0.96695402 0.05096154 0.06609195 0.10192308
0 0.21982759 0.50673077 0.09770115 0.08653846
0 0.83477011 0.29807692 0.06609195 0.11923077
0 0.83836207 0.99615385 0.03017241 0.00769231
0 0.96767241 0.58846154 0.06465517 0.07307692
0 0.51077586 0.26826923 0.07902299 0.10192308
0 0.55316092 0.90480769 0.08620690 0.10961538
0 0.17672414 0.18653846 0.06896552 0.13076923
0 0.26652299 0.81250000 0.04454023 0.06346154
0 0.12643678 0.39807692 0.08908046 0.06923077
0 0.25718391 0.41250000 0.09195402 0.06346154
0 0.87787356 0.48653846 0.08333333 0.08846154
0 0.42025862 0.91153846 0.09626437 0.09615385
