0 0.45751953 0.22851562 0.02246094 0.02539062
0 0.36132812 0.44970703 0.02734375 0.02246094
0 0.44970703 0.95019531 0.02050781 0.02539062
0 0.06933594 0.37402344 0.00781250 0.00781250
0 0.24902344 0.75390625 0.01757812 0.01562500
0 0.69189453 0.05957031 0.00878906 0.00781250
0 0.30566406 0.48144531 0.01757812 0.02734375
0 0.47412109 0.00341797 0.01855469 0.00683594
0 0.46972656 0.33300781 0.01953125 0.02343750
0 0.61523438 0.85791016 0.00976562 0.00683594
0 0.01513672 0.16943359 0.01269531 0.01855469
0 0.54052734 0.22021484 0.01855469 0.01464844
0 0.88281250 0.29101562 0.00976562 0.00781250
0 0.93701172 0.15429688 0.02441406 0.02929688
0 0.77734375 0.27734375 0.02734375 0.02539062
0 0.60742188 0.28320312 0.01757812 0.01953125
0 0.61474609 0.18457031 0.02246094 0.02148438
0 0.45996094 0.74511719 0.02539062 0.02929688
0 0.88378906 0.27441406 0.01367188 0.01367188
0 0.62304688 0.20361328 0.01562500 0.01855469
0 0.25097656 0.04882812 0.01562500 0.01562500
0 0.13671875 0.20458984 0.00781250 0.00878906
0 0.19628906 0.48291016 0.02734375 0.03222656
0 0.14501953 0.21044922 0.00683594 0.01269531
0 0.01708984 0.96386719 0.00878906 0.01367188
0 0.96142578 0.10791016 0.01464844 0.01660156
0 0.18164062 0.86962891 0.01953125 0.02441406
0 0.13867188 0.21826172 0.00781250 0.00878906
0 0.50634766 0.52636719 0.01269531 0.01562500
0 0.37646484 0.26513672 0.01464844 0.01464844
0 0.62792969 0.34472656 0.01171875 0.01171875
0 0.57080078 0.44775391 0.02441406 0.02441406
0 0.88476562 0.28320312 0.00781250 0.00585938
0 0.06591797 0.36132812 0.00878906 0.00781250
0 0.55273438 0.22216797 0.00781250 0.01269531
0 0.85742188 0.54296875 0.01367188 0.01367188
0 0.13281250 0.17675781 0.01367188 0.01367188
0 0.69775391 0.05566406 0.00683594 0.00781250
0 0.87451172 0.28564453 0.00878906 0.00878906
0 0.59326172 0.18310547 0.02441406 0.02441406
0 0.54052734 0.23095703 0.01660156 0.00878906
0 0.36767578 0.00488281 0.01464844 0.00976562
0 0.56152344 0.35839844 0.01757812 0.01953125
0 0.55468750 0.20361328 0.02148438 0.01855469
0 0.15722656 0.10205078 0.01562500 0.01269531
0 0.57324219 0.06738281 0.01171875 0.01757812
0 0.06982422 0.36816406 0.01074219 0.00585938
0 0.84716797 0.27441406 0.03222656 0.02148438
0 0.42675781 0.17236328 0.02148438 0.02441406
0 0.02392578 0.97265625 0.01074219 0.01367188
0 0.18017578 0.27441406 0.01660156 0.01562500
0 0.93212891 0.28564453 0.02441406 0.01855469
0 0.10595703 0.03564453 0.02441406 0.02441406
0 0.19238281 0.11425781 0.01757812 0.01367188
0 0.34375000 0.18164062 0.01953125 0.02734375
