0 0.16015625 0.85546875 0.08593750 0.05468750
0 0.07617188 0.67187500 0.07421875 0.10156250
0 0.87500000 0.56640625 0.05468750 0.04687500
0 0.48632812 0.50000000 0.06640625 0.07031250
0 0.07031250 0.01171875 0.07031250 0.02343750
0 0.87890625 0.44140625 0.05468750 0.04687500
0 0.48632812 0.77148438 0.05859375 0.07421875
0 0.30468750 0.06640625 0.06250000 0.04687500
0 0.27539062 0.98046875 0.09765625 0.03906250
0 0.45117188 0.99414062 0.05078125 0.01171875
0 0.33007812 0.80664062 0.07421875 0.08203125
0 0.65039062 0.75000000 0.06640625 0.04687500
0 0.97265625 0.30859375 0.05468750 0.04687500
0 0.35937500 0.44726562 0.05468750 0.08203125
0 0.41796875 0.64648438 0.06250000 0.04296875
0 0.17578125 0.62500000 0.06250000 0.05468750
0 0.85156250 0.17773438 0.10156250 0.08984375
0 0.77343750 0.87890625 0.07031250 0.07812500
0 0.40234375 0.79882812 0.04687500 0.05859375
0 0.70898438 0.05273438 0.08984375 0.10546875
0 0.57812500 0.83007812 0.06250000 0.05078125
0 0.61132812 0.56054688 0.08203125 0.09765625
0 0.58398438 0.95898438 0.08984375 0.07421875
0 0.36718750 0.06250000 0.06250000 0.03906250
