0 0.20833333 0.40769231 0.04310345 0.07307692
0 0.61278736 0.67115385 0.03304598 0.04230769
0 0.52873563 0.93846154 0.04885057 0.03846154
0 0.42887931 0.26634615 0.04454023 0.05192308
0 0.31609195 0.77884615 0.02873563 0.06153846
0 0.02298851 0.25865385 0.04597701 0.05961538
0 0.44037356 0.34230769 0.04454023 0.05769231
0 0.48491379 0.24711538 0.04454023 0.06346154
0 0.52083333 0.40288462 0.03591954 0.06346154
0 0.26724138 0.96634615 0.04310345 0.05576923
0 0.48563218 0.02019231 0.03160920 0.04038462
0 0.51005747 0.32019231 0.04310345 0.05961538
0 0.12212644 0.49038462 0.05172414 0.04230769
0 0.39727011 0.72884615 0.04741379 0.04615385
0 0.11206897 0.00384615 0.02586207 0.00769231
0 0.03017241 0.81634615 0.05172414 0.07115385
0 0.81609195 0.73173077 0.04597701 0.03653846
0 0.52873563 0.62115385 0.04310345 0.06153846
0 0.06178161 0.18750000 0.04885057 0.05192308
0 0.62356322 0.74519231 0.03735632 0.04423077
0 0.43750000 0.88557692 0.02442529 0.03653846
0 0.85847701 0.89615385 0.03591954 0.06923077
0 0.87787356 0.64615385 0.03160920 0.06923077
0 0.66594828 0.57596154 0.03591954 0.05192308
0 0.16666667 0.59903846 0.04022989 0.05576923
0 0.78735632 0.39134615 0.04022989 0.04038462
0 0.29956897 0.55288462 0.03591954 0.05961538
0 0.37931034 0.83173077 0.04310345 0.05961538
0 0.81250000 0.01250000 0.03017241 0.02500000
0 0.66666667 0.34423077 0.04310345 0.06153846
0 0.65948276 0.64423077 0.04022989 0.05769231
0 0.66594828 0.22692308 0.03304598 0.05000000
0 0.44971264 0.56250000 0.02586207 0.04423077
0 0.00718391 0.12115385 0.01436782 0.03461538
0 0.57758621 0.97115385 0.05172414 0.04615385
0 0.11781609 0.35192308 0.05172414 0.04230769
0 0.94396552 0.65961538 0.03735632 0.05384615
0 0.38936782 0.20000000 0.04310345 0.06538462
0 0.74209770 0.12019231 0.03591954 0.04807692
0 0.74568966 0.68942308 0.04310345 0.03653846
0 0.98922414 0.88653846 0.02155172 0.05000000
0 0.85129310 0.25288462 0.03017241 0.06346154
0 0.36278736 0.62596154 0.03304598 0.04038462
0 0.00359195 0.94519231 0.00718391 0.04423077
0 0.83045977 0.97211538 0.03448276 0.05576923
0 0.68606322 0.00576923 0.02442529 0.01153846
0 0.65373563 0.76346154 0.03735632 0.06538462
0 0.18247126 0.78461538 0.05172414 0.04230769
0 0.27658046 0.00384615 0.02155172 0.00769231
0 0.65876437 0.43557692 0.03879310 0.05192308
0 0.28376437 0.06442308 0.07040230 0.05576923
0 0.21264368 0.67884615 0.03160920 0.04230769
0 0.57974138 0.32019231 0.03591954 0.06730769
0 0.53520115 0.05673077 0.04166667 0.05192308
0 0.78160920 0.81250000 0.04022989 0.04807692
0 0.49928161 0.83076923 0.03879310 0.06153846
0 0.33405172 0.93846154 0.04741379 0.05000000
0 0.13721264 0.91538462 0.03879310 0.03846154
0 0.25502874 0.12884615 0.06465517 0.05769231
0 0.47916667 0.12596154 0.04454023 0.05192308
0 0.15373563 0.70096154 0.02873563 0.04807692
0 0.11350575 0.30961538 0.04597701 0.05384615
0 0.45114943 0.52692308 0.02586207 0.04230769
0 0.43175287 0.95096154 0.03591954 0.04423077
0 0.87140805 0.45673077 0.05028736 0.04423077
0 0.03376437 0.01923077 0.05028736 0.03846154
0 0.14080460 0.14230769 0.04022989 0.05000000
0 0.06321839 0.62980769 0.04022989 0.04807692
0 0.09123563 0.59230769 0.04454023 0.04230769
0 0.21767241 0.61057692 0.03304598 0.04423077
0 0.72341954 0.46538462 0.03591954 0.03846154
0 0.92744253 0.95288462 0.04166667 0.04423077
0 0.92816092 0.54903846 0.05172414 0.06730769
0 0.36063218 0.99711538 0.01436782 0.00576923
0 0.34841954 0.01538462 0.03879310 0.03076923
0 0.63936782 0.25480769 0.04022989 0.05576923
0 0.55818966 0.99326923 0.05028736 0.01346154
0 0.41666667 0.01153846 0.02873563 0.02307692
0 0.82471264 0.52884615 0.04310345 0.05000000
0 0.46982759 0.87211538 0.03160920 0.03653846
0 0.98060345 0.80673077 0.03879310 0.04807692
0 0.29094828 0.61826923 0.03304598 0.04423077
0 0.81250000 0.10000000 0.03304598 0.05769231
0 0.69683908 0.09519231 0.04310345 0.04423077
0 0.78591954 0.95000000 0.02586207 0.07307692
0 0.33692529 0.42980769 0.06752874 0.09807692
0 0.61566092 0.46538462 0.03879310 0.04615385
0 0.57830460 0.81346154 0.03879310 0.06923077
0 0.73778736 0.36442308 0.03304598 0.05192308
0 0.92241379 0.30000000 0.04022989 0.05769231
0 0.01221264 0.69423077 0.02442529 0.05384615
0 0.45043103 0.90769231 0.01867816 0.03076923
0 0.90373563 0.00480769 0.03160920 0.00961538
0 0.44899425 0.05480769 0.03304598 0.03653846
0 0.66882184 0.89615385 0.05316092 0.05000000
0 0.57830460 0.00288462 0.01867816 0.00576923
0 0.31609195 0.26442308 0.04885057 0.08269231
0 0.47341954 0.90192308 0.02155172 0.03076923
0 0.10272989 0.45096154 0.04741379 0.05576923
0 0.80387931 0.62211538 0.03879310 0.04423077
