0 0.88055556 0.56944444 0.18333333 0.11666667
0 0.25833333 0.73055556 0.16666667 0.15555556
0 0.11805556 0.50138889 0.20277778 0.18055556
0 0.19861111 0.19444444 0.20277778 0.11666667
0 0.53888889 0.57638889 0.14444444 0.14722222
0 0.63888889 0.94444444 0.13888889 0.11111111
0 0.70972222 0.32916667 0.13611111 0.18055556
0 0.28472222 0.52361111 0.04722222 0.03055556
0 0.98055556 0.43194444 0.03888889 0.17500000
0 0.94583333 0.89305556 0.10833333 0.09722222
0 0.33055556 0.60694444 0.12777778 0.14166667
0 0.26527778 0.95555556 0.24722222 0.08888889
0 0.94027778 0.34027778 0.01388889 0.01388889
0 0.83472222 0.99027778 0.06388889 0.01944444
0 0.23888889 0.02500000 0.15000000 0.05000000
0 0.30416667 0.32916667 0.10833333 0.15277778
0 0.80972222 0.77638889 0.18611111 0.13055556
0 0.60833333 0.13194444 0.11111111 0.21944444
0 0.94027778 0.70416667 0.11944444 0.16388889
0 0.86805556 0.01250000 0.08055556 0.02500000
