0 0.34444444 0.95555556 0.15555556 0.08888889
0 0.94722222 0.55000000 0.10555556 0.16666667
0 0.06944444 0.62916667 0.13888889 0.17500000
0 0.07222222 0.13750000 0.14444444 0.13611111
0 0.78472222 0.85833333 0.03611111 0.03333333
0 0.40277778 0.31944444 0.11666667 0.18888889
0 0.69722222 0.23888889 0.16666667 0.15000000
0 0.87777778 0.75555556 0.09444444 0.12222222
0 0.76944444 0.48611111 0.16666667 0.19444444
0 0.93750000 0.96527778 0.10277778 0.06944444
0 0.19027778 0.51388889 0.17500000 0.15555556
0 0.99166667 0.68194444 0.01666667 0.08055556
0 0.77222222 0.10416667 0.16666667 0.14722222
0 0.51388889 0.56388889 0.16111111 0.20555556
0 0.76805556 0.72083333 0.14166667 0.14166667
0 0.63611111 0.89305556 0.16111111 0.16388889
0 0.93333333 0.30555556 0.13333333 0.13333333
0 0.43055556 0.64166667 0.01666667 0.02222222
