0 0.82500000 0.65234375 0.13125000 0.07031250
0 0.29218750 0.61523438 0.17187500 0.12109375
0 0.90312500 0.00781250 0.05625000 0.01562500
0 0.95000000 0.18750000 0.10000000 0.27343750
0 0.87656250 0.50390625 0.11562500 0.14062500
0 0.08750000 0.16210938 0.15000000 0.32421875
0 0.00781250 0.07617188 0.01562500 0.15234375
0 0.95937500 0.93554688 0.08125000 0.12890625
0 0.50625000 0.56640625 0.16250000 0.12500000
0 0.59062500 0.92187500 0.15625000 0.15625000
0 0.04062500 0.58203125 0.08125000 0.21093750
0 0.77500000 0.94921875 0.10625000 0.10156250
0 0.93906250 0.37500000 0.12187500 0.17968750
0 0.30468750 0.46289062 0.19062500 0.24609375
0 0.88281250 0.95898438 0.10937500 0.08203125
