0 0.92456897 0.55480769 0.08764368 0.10192308
0 0.03591954 0.27596154 0.07183908 0.11346154
0 0.14008621 0.02884615 0.09339080 0.05769231
0 0.08045977 0.95961538 0.11494253 0.08076923
0 0.72772989 0.28076923 0.08477011 0.10384615
0 0.79885057 0.11923077 0.09195402 0.08846154
0 0.23635057 0.57596154 0.07614943 0.14038462
0 0.95689655 0.74038462 0.08333333 0.09230769
0 0.99137931 0.29711538 0.01724138 0.06730769
0 0.59123563 0.89711538 0.05603448 0.12115385
0 0.48778736 0.18557692 0.08764368 0.07884615
0 0.72054598 0.66826923 0.08189655 0.06730769
0 0.83836207 0.69519231 0.07614943 0.06730769
0 0.99066092 0.45192308 0.01867816 0.07692308
0 0.54741379 0.30192308 0.06609195 0.11153846
0 0.41091954 0.88942308 0.04885057 0.12500000
0 0.54885057 0.05192308 0.10057471 0.08846154
0 0.29022989 0.43846154 0.05747126 0.11923077
0 0.04597701 0.57500000 0.09195402 0.15384615
0 0.37212644 0.81923077 0.06609195 0.14615385
0 0.40732759 0.38846154 0.06178161 0.13846154
0 0.12787356 0.39807692 0.07183908 0.13076923
0 0.95114943 0.28750000 0.03735632 0.08269231
