0 0.88671875 0.52148438 0.08593750 0.08984375
0 0.78515625 0.16015625 0.07031250 0.07812500
0 0.24609375 0.08007812 0.08593750 0.08984375
0 0.34765625 0.09570312 0.02343750 0.04296875
0 0.00976562 0.01953125 0.01953125 0.03906250
0 0.94335938 0.75781250 0.08984375 0.09375000
0 0.69335938 0.28906250 0.12890625 0.10156250
0 0.87890625 0.09375000 0.10937500 0.12500000
0 0.95898438 0.62695312 0.08203125 0.09765625
0 0.97265625 0.25781250 0.05468750 0.08593750
0 0.95117188 0.05078125 0.09765625 0.10156250
0 0.99023438 0.53320312 0.01953125 0.07421875
0 0.11523438 0.96484375 0.12109375 0.07031250
0 0.75000000 0.07617188 0.07812500 0.08203125
0 0.73828125 0.43750000 0.14843750 0.12500000
0 0.77734375 0.30468750 0.02343750 0.03125000
