0 0.08906250 0.01953125 0.08437500 0.03906250
0 0.01718750 0.58203125 0.03437500 0.10156250
0 0.81406250 0.42187500 0.08437500 0.09375000
0 0.30312500 0.67578125 0.08750000 0.08593750
0 0.01718750 0.95312500 0.03437500 0.08593750
0 0.73437500 0.62304688 0.08750000 0.11328125
0 0.52656250 0.40234375 0.07187500 0.10156250
0 0.43437500 0.16406250 0.08750000 0.10937500
0 0.90000000 0.18750000 0.06875000 0.13281250
0 0.97031250 0.51171875 0.04062500 0.08593750
0 0.55468750 0.01367188 0.04687500 0.02734375
0 0.10625000 0.41796875 0.07500000 0.13281250
0 0.98437500 0.66015625 0.03125000 0.10937500
0 0.34375000 0.95312500 0.11250000 0.09375000
0 0.18281250 0.02343750 0.07812500 0.04687500
0 0.46718750 0.97265625 0.05312500 0.05468750
0 0.80781250 0.54101562 0.07812500 0.12890625
0 0.81406250 0.19531250 0.10937500 0.13281250
0 0.57656250 0.10546875 0.07187500 0.10156250
0 0.38437500 0.26171875 0.04375000 0.10156250
0 0.44218750 0.03125000 0.07187500 0.06250000
0 0.77812500 0.01953125 0.06875000 0.03906250
0 0.84218750 0.06640625 0.08437500 0.13281250
0 0.20000000 0.74414062 0.06250000 0.08203125
0 0.12812500 0.27539062 0.10625000 0.13671875
0 0.91875000 0.96289062 0.13750000 0.07421875
0 0.55312500 0.90039062 0.07500000 0.13671875
0 0.63281250 0.02734375 0.10937500 0.05468750
0 0.12500000 0.17773438 0.09375000 0.10546875
0 0.50156250 0.64843750 0.09062500 0.12500000
0 0.45625000 0.09375000 0.07500000 0.07812500
0 0.53750000 0.76757812 0.06875000 0.11328125
0 0.01875000 0.01171875 0.03750000 0.02343750
0 0.26718750 0.72656250 0.06562500 0.08593750
0 0.60937500 0.28906250 0.06875000 0.09375000
0 0.36406250 0.61523438 0.05312500 0.08203125
0 0.45468750 0.42773438 0.06562500 0.08984375
0 0.41406250 0.86328125 0.10937500 0.15625000
0 0.40312500 0.36718750 0.05625000 0.10937500
0 0.24062500 0.95117188 0.07500000 0.08203125
0 0.44687500 0.31054688 0.06875000 0.11328125
0 0.34843750 0.38281250 0.08437500 0.11718750
0 0.23906250 0.53125000 0.08437500 0.12500000
0 0.42187500 0.52148438 0.05625000 0.06640625
0 0.69062500 0.56445312 0.06875000 0.08984375
0 0.59375000 0.39453125 0.04375000 0.07812500
0 0.23750000 0.39453125 0.06875000 0.10937500
0 0.16562500 0.38867188 0.06250000 0.10546875
0 0.73125000 0.97460938 0.03125000 0.05078125
0 0.41406250 0.75976562 0.07187500 0.05859375
0 0.34531250 0.30273438 0.02812500 0.04296875
0 0.67812500 0.84765625 0.08750000 0.08593750
0 0.79843750 0.34960938 0.07812500 0.10546875
0 0.77500000 0.86523438 0.08750000 0.09765625
0 0.91093750 0.55468750 0.07812500 0.13281250
0 0.39531250 0.05468750 0.07187500 0.10937500
0 0.44375000 0.62890625 0.08125000 0.14843750
0 0.11718750 0.53515625 0.10312500 0.11718750
0 0.69218750 0.21093750 0.07812500 0.12500000
0 0.64062500 0.12109375 0.06250000 0.10156250
0 0.66875000 0.35156250 0.05000000 0.08593750
0 0.69062500 0.39648438 0.04375000 0.08984375
0 0.76250000 0.28515625 0.05000000 0.11718750
0 0.05156250 0.72070312 0.06562500 0.06640625
0 0.33750000 0.50000000 0.06875000 0.12500000
0 0.65156250 0.59570312 0.04687500 0.07421875
0 0.67968750 0.50390625 0.06562500 0.09375000
0 0.61875000 0.53710938 0.08125000 0.09765625
0 0.27968750 0.85742188 0.14687500 0.14453125
0 0.32656250 0.77734375 0.08437500 0.08593750
