0 0.60937500 0.50585938 0.05625000 0.04296875
0 0.12187500 0.94726562 0.06250000 0.05859375
0 0.08125000 0.79492188 0.07500000 0.08203125
0 0.98281250 0.09375000 0.03437500 0.08593750
0 0.58593750 0.95117188 0.11562500 0.09765625
0 0.71406250 0.35742188 0.08437500 0.05078125
0 0.94062500 0.77539062 0.11875000 0.21484375
0 0.06718750 0.70312500 0.11562500 0.05468750
0 0.16562500 0.72851562 0.08125000 0.04296875
0 0.37968750 0.02734375 0.03437500 0.05468750
0 0.63437500 0.61132812 0.13750000 0.07421875
0 0.08593750 0.00781250 0.04687500 0.01562500
0 0.47812500 0.72460938 0.12500000 0.07421875
0 0.39375000 0.81250000 0.13750000 0.07031250
0 0.74843750 0.24414062 0.12187500 0.07421875
0 0.69843750 0.74414062 0.06562500 0.08203125
0 0.75781250 0.43750000 0.17187500 0.05468750
0 0.66562500 0.09375000 0.06250000 0.08593750
0 0.58906250 0.28125000 0.15312500 0.07031250
0 0.50625000 0.87695312 0.05625000 0.06640625
0 0.87812500 0.20703125 0.07500000 0.14843750
0 0.33593750 0.24218750 0.05312500 0.10156250
0 0.17500000 0.79296875 0.05000000 0.03906250
0 0.00781250 0.73046875 0.01562500 0.03906250
0 0.01406250 0.54687500 0.02812500 0.03906250
0 0.53906250 0.45117188 0.25312500 0.07421875
0 0.12500000 0.87109375 0.09375000 0.06250000
0 0.75468750 0.17773438 0.06562500 0.06640625
0 0.71250000 0.06640625 0.05000000 0.05468750
