0 0.04022989 0.38269231 0.05459770 0.04615385
0 0.40086207 0.73269231 0.03735632 0.06153846
0 0.89942529 0.57788462 0.04597701 0.05192308
0 0.13793103 0.86634615 0.04310345 0.04423077
0 0.25287356 0.51634615 0.03448276 0.04423077
0 0.71767241 0.75096154 0.05316092 0.04423077
0 0.62356322 0.32788462 0.04310345 0.04423077
0 0.21695402 0.93846154 0.04022989 0.04615385
0 0.33405172 0.52307692 0.04166667 0.04615385
0 0.02442529 0.83365385 0.03448276 0.06346154
0 0.46120690 0.85000000 0.03448276 0.06153846
0 0.38362069 0.90384615 0.02873563 0.06153846
0 0.32112069 0.68365385 0.04741379 0.04423077
0 0.99784483 0.07115385 0.00431034 0.02307692
0 0.33045977 0.33269231 0.04597701 0.05000000
0 0.04310345 0.95480769 0.04022989 0.05576923
0 0.26867816 0.10096154 0.03160920 0.04038462
0 0.73419540 0.52211538 0.01724138 0.02500000
0 0.66810345 0.27500000 0.04022989 0.04615385
0 0.42959770 0.46538462 0.04022989 0.03846154
0 0.11494253 0.29423077 0.04597701 0.06153846
0 0.91020115 0.52980769 0.04166667 0.05192308
0 0.62571839 0.51346154 0.07040230 0.06923077
0 0.50431034 0.52980769 0.04310345 0.04038462
0 0.68103448 0.64423077 0.05172414 0.03461538
0 0.77801724 0.20384615 0.03017241 0.04615385
0 0.89439655 0.26250000 0.03879310 0.04038462
0 0.51795977 0.90000000 0.04166667 0.03461538
0 0.95330460 0.77307692 0.03879310 0.05384615
0 0.09626437 0.07596154 0.03448276 0.05961538
0 0.36494253 0.79230769 0.03448276 0.04615385
0 0.58692529 0.85961538 0.04454023 0.04615385
0 0.24928161 0.86826923 0.03879310 0.05961538
0 0.00502874 0.48365385 0.01005747 0.03269231
0 0.13864943 0.51730769 0.03591954 0.05384615
0 0.90517241 0.67115385 0.03448276 0.05769231
0 0.31250000 0.80288462 0.04454023 0.04423077
0 0.73706897 0.23365385 0.02298851 0.03269231
0 0.28591954 0.01057692 0.02873563 0.02115385
0 0.97988506 0.58750000 0.01724138 0.02115385
0 0.31537356 0.95096154 0.02155172 0.05961538
0 0.79238506 0.87980769 0.04454023 0.05192308
0 0.00646552 0.99230769 0.01293103 0.01538462
0 0.40589080 0.61923077 0.03017241 0.03076923
0 0.72198276 0.06442308 0.03017241 0.02884615
0 0.57040230 0.68076923 0.04310345 0.05384615
0 0.69109195 0.98173077 0.04022989 0.03653846
0 0.10057471 0.82403846 0.02586207 0.04038462
0 0.41307471 0.88942308 0.03591954 0.06346154
0 0.39655172 0.67403846 0.02298851 0.04423077
0 0.60775862 0.00769231 0.02298851 0.01538462
0 0.20977011 0.77500000 0.03735632 0.05000000
0 0.42600575 0.58750000 0.02442529 0.03653846
0 0.55172414 0.99615385 0.02011494 0.00769231
0 0.04813218 0.59711538 0.05028736 0.04423077
0 0.67816092 0.51634615 0.04885057 0.04423077
0 0.85560345 0.17115385 0.03879310 0.03846154
0 0.84195402 0.11250000 0.04885057 0.04423077
0 0.72844828 0.72500000 0.04597701 0.05000000
0 0.36853448 0.20961538 0.03304598 0.05769231
0 0.37284483 0.45096154 0.04166667 0.04423077
0 0.77729885 0.27980769 0.00862069 0.00961538
0 0.39655172 0.25961538 0.04022989 0.04230769
0 0.65876437 0.92980769 0.04166667 0.06346154
0 0.81824713 0.01538462 0.03591954 0.03076923
0 0.07112069 0.91826923 0.03304598 0.05192308
0 0.36997126 0.85288462 0.03879310 0.04423077
0 0.91091954 0.14423077 0.04597701 0.04230769
0 0.16379310 0.49038462 0.03448276 0.05384615
0 0.70617816 0.43846154 0.02729885 0.04230769
0 0.55172414 0.63365385 0.04022989 0.05192308
0 0.38218391 0.40961538 0.04597701 0.04230769
0 0.11063218 0.41826923 0.04310345 0.04038462
0 0.22054598 0.69134615 0.04454023 0.06346154
0 0.20043103 0.12884615 0.03304598 0.06538462
0 0.01149425 0.79519231 0.02298851 0.04423077
0 0.20043103 0.27307692 0.04166667 0.04615385
0 0.68750000 0.81730769 0.02155172 0.04615385
0 0.62787356 0.16634615 0.02873563 0.05192308
0 0.01149425 0.72980769 0.02298851 0.05192308
0 0.53735632 0.31634615 0.03735632 0.06346154
0 0.98850575 0.67692308 0.02298851 0.04230769
0 0.78807471 0.83653846 0.04166667 0.06153846
0 0.36063218 0.01250000 0.03448276 0.02500000
0 0.71982759 0.54519231 0.03735632 0.05192308
0 0.12500000 0.96057692 0.02873563 0.05192308
0 0.25287356 0.51826923 0.04885057 0.07115385
0 0.63793103 0.40769231 0.02298851 0.03076923
0 0.01436782 0.97403846 0.02873563 0.02884615
0 0.55244253 0.44423077 0.02729885 0.03461538
0 0.67528736 0.38750000 0.03160920 0.06730769
0 0.90589080 0.03750000 0.02155172 0.04423077
0 0.35919540 0.55769231 0.04885057 0.05000000
0 0.25574713 0.95288462 0.03448276 0.04807692
0 0.57183908 0.43173077 0.01436782 0.02115385
0 0.69109195 0.23269231 0.04022989 0.05000000
0 0.47341954 0.24134615 0.02155172 0.03653846
0 0.21695402 0.09423077 0.02873563 0.05769231
0 0.18534483 0.68653846 0.04022989 0.05000000
0 0.28951149 0.27596154 0.04741379 0.04807692
0 0.16020115 0.24711538 0.03017241 0.04807692
0 0.55962644 0.41057692 0.02729885 0.01730769
0 0.20545977 0.60673077 0.03735632 0.04807692
0 0.97629310 0.73942308 0.04741379 0.04423077
0 0.36925287 0.92307692 0.03160920 0.06153846
0 0.65373563 0.42980769 0.05459770 0.04423077
0 0.72054598 0.16730769 0.04166667 0.05000000
0 0.09985632 0.44711538 0.03017241 0.03269231
0 0.02083333 0.22500000 0.03591954 0.04615385
0 0.45977011 0.54230769 0.04022989 0.03846154
0 0.76221264 0.25000000 0.03017241 0.04230769
0 0.33333333 0.07403846 0.04022989 0.04038462
0 0.26364943 0.99423077 0.04166667 0.01153846
0 0.44612069 0.89134615 0.03879310 0.05192308
0 0.53376437 0.92596154 0.04454023 0.03653846
0 0.11566092 0.75192308 0.03304598 0.05384615
0 0.01149425 0.14807692 0.02298851 0.07307692
0 0.25431034 0.14519231 0.03448276 0.05961538
0 0.09770115 0.22692308 0.03735632 0.06538462
0 0.34698276 0.23653846 0.03304598 0.05384615
0 0.62356322 0.65576923 0.04310345 0.04615385
0 0.00718391 0.67500000 0.01436782 0.03461538
0 0.92816092 0.01730769 0.07183908 0.03461538
0 0.51149425 0.21057692 0.03735632 0.05576923
0 0.80747126 0.70000000 0.04022989 0.05769231
0 0.19109195 0.88076923 0.03735632 0.05000000
0 0.47270115 0.04615385 0.02873563 0.03461538
0 0.62356322 0.78846154 0.04022989 0.05000000
0 0.12500000 0.56923077 0.03448276 0.06923077
0 0.81393678 0.97980769 0.05028736 0.04038462
0 0.49856322 0.42596154 0.04597701 0.04038462
0 0.83692529 0.73076923 0.03591954 0.04615385
0 0.72988506 0.95961538 0.03735632 0.03846154
0 0.62428161 0.28173077 0.05028736 0.04807692
0 0.08189655 0.01346154 0.03448276 0.02692308
0 0.86350575 0.53269231 0.04022989 0.04230769
0 0.84985632 0.26442308 0.03304598 0.05576923
0 0.62500000 0.04903846 0.03735632 0.04038462
0 0.89295977 0.20096154 0.03017241 0.03653846
0 0.48922414 0.65576923 0.03879310 0.04615385
0 0.51795977 0.96923077 0.03879310 0.04615385
0 0.27658046 0.78557692 0.03879310 0.04807692
0 0.74640805 0.30480769 0.03304598 0.05192308
0 0.21767241 0.42884615 0.04166667 0.04615385
0 0.61063218 0.93076923 0.03735632 0.03461538
0 0.44468391 0.73076923 0.03591954 0.06538462
0 0.43103448 0.35576923 0.04597701 0.04615385
0 0.73275862 0.13846154 0.03735632 0.05769231
0 0.19396552 0.53750000 0.03735632 0.05192308
0 0.26293103 0.21346154 0.03735632 0.05000000
0 0.09985632 0.94134615 0.03017241 0.05576923
0 0.99425287 0.10096154 0.01149425 0.02884615
0 0.91954023 0.37307692 0.04022989 0.03461538
0 0.46695402 0.76634615 0.03735632 0.06346154
0 0.42313218 0.26250000 0.03304598 0.05192308
0 0.25646552 0.06634615 0.02442529 0.03653846
0 0.32112069 0.16153846 0.03591954 0.05384615
0 0.43103448 0.96923077 0.03448276 0.06153846
0 0.28951149 0.21250000 0.03304598 0.05192308
0 0.23850575 0.38846154 0.04597701 0.03846154
0 0.30172414 0.65961538 0.03448276 0.05000000
0 0.49497126 0.02596154 0.03879310 0.05192308
0 0.69037356 0.36730769 0.03304598 0.05384615
0 0.95617816 0.05769231 0.05890805 0.04230769
0 0.31465517 0.21826923 0.02298851 0.05192308
0 0.24784483 0.77596154 0.03591954 0.05192308
0 0.10057471 0.66442308 0.02873563 0.06346154
0 0.95474138 0.57115385 0.03591954 0.02692308
0 0.34339080 0.71538462 0.03735632 0.05000000
0 0.50646552 0.30480769 0.03879310 0.04807692
0 0.53232759 0.09326923 0.02442529 0.03653846
0 0.25933908 0.01346154 0.03304598 0.02692308
0 0.42816092 0.09519231 0.03735632 0.06730769
0 0.57974138 0.19615385 0.04454023 0.04230769
0 0.44109195 0.65576923 0.04597701 0.05384615
0 0.96336207 0.32115385 0.04166667 0.03461538
0 0.65804598 0.66826923 0.03448276 0.04423077
0 0.79094828 0.59134615 0.04454023 0.04038462
0 0.14224138 0.78653846 0.02873563 0.06153846
0 0.81681034 0.89230769 0.02442529 0.03461538
0 0.58764368 0.96634615 0.03735632 0.04038462
0 0.03951149 0.28942308 0.03304598 0.04807692
0 0.79022989 0.00576923 0.01724138 0.01153846
0 0.86350575 0.22115385 0.02873563 0.04230769
0 0.55818966 0.01923077 0.02729885 0.03846154
0 0.88002874 0.22980769 0.01293103 0.01346154
0 0.95114943 0.85000000 0.04885057 0.05000000
0 0.07255747 0.17019231 0.04454023 0.04807692
0 0.21120690 0.19903846 0.03735632 0.05576923
0 0.97126437 0.16634615 0.04310345 0.03653846
0 0.96479885 0.99423077 0.02442529 0.01153846
0 0.88002874 0.06730769 0.02155172 0.03846154
0 0.07974138 0.00769231 0.03017241 0.01538462
0 0.96695402 0.61826923 0.03448276 0.05192308
0 0.75574713 0.49519231 0.01724138 0.02500000
0 0.49281609 0.99711538 0.02011494 0.00576923
0 0.64439655 0.69807692 0.04454023 0.04615385
0 0.94899425 0.29807692 0.03879310 0.04615385
0 0.55387931 0.83557692 0.04454023 0.04038462
0 0.98491379 0.63750000 0.03017241 0.04423077
0 0.72126437 0.47692308 0.02586207 0.03846154
0 0.05459770 0.13365385 0.04885057 0.04423077
0 0.35272989 0.97884615 0.03879310 0.04230769
0 0.00718391 0.13750000 0.01436782 0.02500000
0 0.63936782 0.55961538 0.03448276 0.04615385
0 0.73635057 0.99519231 0.02155172 0.00961538
0 0.23275862 0.34807692 0.05172414 0.04615385
0 0.16235632 0.56730769 0.04022989 0.05769231
0 0.50071839 0.11153846 0.02729885 0.03076923
0 0.28017241 0.46250000 0.04310345 0.04038462
0 0.81609195 0.34134615 0.03735632 0.05576923
0 0.83836207 0.62307692 0.04741379 0.05384615
0 0.67744253 0.84519231 0.05890805 0.03653846
0 0.01077586 0.01538462 0.02155172 0.03076923
0 0.94252874 0.43173077 0.05459770 0.03653846
0 0.07040230 0.75480769 0.02873563 0.05576923
0 0.95258621 0.47403846 0.04885057 0.03653846
0 0.99209770 0.28365385 0.01580460 0.04423077
0 0.66451149 0.78365385 0.06178161 0.03269231
0 0.50574713 0.22884615 0.02011494 0.03461538
0 0.54166667 0.47307692 0.05172414 0.03846154
0 0.55675287 0.79519231 0.04741379 0.04423077
0 0.17887931 0.98076923 0.03304598 0.03846154
0 0.98275862 0.21346154 0.02298851 0.03076923
0 0.67600575 0.08653846 0.03879310 0.04230769
0 0.06321839 0.21730769 0.04022989 0.05384615
0 0.38936782 0.59230769 0.03735632 0.05000000
0 0.28735632 0.90192308 0.03448276 0.05000000
0 0.00790230 0.06346154 0.01580460 0.03461538
0 0.97126437 0.90384615 0.05172414 0.04615385
0 0.00502874 0.83461538 0.01005747 0.03461538
0 0.49353448 0.59423077 0.03304598 0.03846154
0 0.64080460 0.10865385 0.04885057 0.04423077
0 0.44324713 0.31250000 0.03879310 0.04807692
0 0.80459770 0.89903846 0.03160920 0.04423077
0 0.93462644 0.39711538 0.04166667 0.03653846
0 0.73778736 0.35288462 0.04741379 0.04038462
0 0.80459770 0.22403846 0.03735632 0.04807692
0 0.14224138 0.06730769 0.04310345 0.05384615
0 0.01652299 0.57692308 0.03304598 0.04230769
0 0.50790230 0.70480769 0.03591954 0.04423077
0 0.32902299 0.75384615 0.03160920 0.03461538
0 0.75862069 0.51442308 0.04310345 0.03653846
0 0.51149425 0.09134615 0.03160920 0.04807692
0 0.04741379 0.47596154 0.04597701 0.04807692
0 0.72701149 0.61923077 0.04597701 0.04230769
0 0.14870690 0.60673077 0.04454023 0.04807692
0 0.26795977 0.70480769 0.02729885 0.05961538
0 0.03520115 0.83846154 0.02729885 0.03846154
0 0.40014368 0.19038462 0.03879310 0.04230769
0 0.04525862 0.01538462 0.03304598 0.03076923
0 0.78160920 0.43365385 0.04597701 0.04423077
0 0.64439655 0.35865385 0.02442529 0.03653846
0 0.26939655 0.96634615 0.01580460 0.01730769
0 0.87571839 0.93653846 0.04166667 0.05000000
0 0.45186782 0.06923077 0.04454023 0.06153846
0 0.49640805 0.25865385 0.02442529 0.02500000
0 0.89870690 0.72115385 0.02729885 0.05000000
0 0.88936782 0.46730769 0.04310345 0.04230769
0 0.79813218 0.91153846 0.02155172 0.02307692
