0 0.54375000 0.23632812 0.10000000 0.08203125
0 0.42968750 0.69335938 0.07187500 0.08984375
0 0.10312500 0.54882812 0.06250000 0.13671875
0 0.85156250 0.16796875 0.05312500 0.08593750
0 0.47031250 0.26562500 0.05937500 0.05468750
0 0.70781250 0.33984375 0.07187500 0.10156250
0 0.76250000 0.58398438 0.05000000 0.05859375
0 0.32968750 0.50781250 0.02812500 0.06250000
0 0.03593750 0.05859375 0.06562500 0.10156250
0 0.82031250 0.01367188 0.04687500 0.02734375
0 0.18437500 0.06640625 0.05625000 0.06250000
0 0.64687500 0.80468750 0.06250000 0.08593750
0 0.30468750 0.93554688 0.04062500 0.08203125
0 0.13906250 0.93945312 0.04062500 0.03515625
0 0.86562500 0.72265625 0.02500000 0.03125000
0 0.92656250 0.58984375 0.08437500 0.10937500
0 0.25937500 0.25195312 0.05625000 0.12890625
0 0.04531250 0.49023438 0.09062500 0.05859375
0 0.34375000 0.81250000 0.05625000 0.10937500
0 0.62812500 0.12695312 0.06250000 0.08984375
0 0.45000000 0.94140625 0.04375000 0.11718750
0 0.01875000 0.26562500 0.03750000 0.07031250
0 0.95468750 0.21875000 0.02812500 0.03906250
0 0.83906250 0.66992188 0.11562500 0.15234375
0 0.52187500 0.76562500 0.08125000 0.10156250
0 0.61250000 0.95703125 0.05625000 0.06250000
0 0.58750000 0.46093750 0.08125000 0.10156250
0 0.87031250 0.54296875 0.05312500 0.07031250
0 0.54062500 0.07617188 0.10000000 0.05078125
