0 0.51953125 0.57031250 0.06250000 0.03906250
0 0.56250000 0.00781250 0.03906250 0.01562500
0 0.73632812 0.67968750 0.05859375 0.03906250
0 0.29101562 0.83203125 0.06640625 0.04687500
0 0.79296875 0.41796875 0.10156250 0.07031250
0 0.05078125 0.24609375 0.10156250 0.04687500
0 0.76171875 0.78906250 0.06250000 0.03906250
0 0.63476562 0.15625000 0.05078125 0.05468750
0 0.97070312 0.68164062 0.05859375 0.04296875
0 0.47265625 0.29687500 0.05468750 0.04687500
0 0.74218750 0.31640625 0.05468750 0.05468750
0 0.79882812 0.72460938 0.05859375 0.05078125
0 0.26562500 0.30273438 0.04687500 0.04296875
0 0.66015625 0.03125000 0.04687500 0.06250000
0 0.46484375 0.90234375 0.05468750 0.04687500
0 0.40039062 0.02929688 0.04296875 0.05078125
0 0.60156250 0.63085938 0.07031250 0.05078125
0 0.38867188 0.89648438 0.05859375 0.04296875
0 0.75585938 0.49804688 0.05859375 0.04296875
0 0.91210938 0.82226562 0.05859375 0.04296875
0 0.80859375 0.98046875 0.05468750 0.03906250
0 0.60156250 0.91210938 0.07031250 0.05859375
0 0.20898438 0.41992188 0.05859375 0.03515625
0 0.05859375 0.33789062 0.05468750 0.04296875
0 0.34960938 0.99023438 0.05078125 0.01953125
0 0.78320312 0.03515625 0.03515625 0.04687500
0 0.82812500 0.60937500 0.06250000 0.03906250
0 0.41015625 0.36914062 0.06250000 0.04296875
0 0.08593750 0.82031250 0.05468750 0.03906250
0 0.69726562 0.26562500 0.06640625 0.04687500
0 0.38476562 0.76171875 0.07421875 0.06250000
0 0.15429688 0.68359375 0.07421875 0.05468750
0 0.64843750 0.50390625 0.06250000 0.03906250
0 0.99218750 0.14257812 0.01562500 0.05078125
0 0.22070312 0.07617188 0.04296875 0.05859375
0 0.66796875 0.44726562 0.07031250 0.04296875
0 0.42382812 0.19531250 0.05078125 0.05468750
0 0.75000000 0.05078125 0.05468750 0.05468750
0 0.91210938 0.04492188 0.03515625 0.05078125
0 0.43164062 0.14843750 0.04296875 0.04687500
0 0.97656250 0.96875000 0.04687500 0.03906250
0 0.14648438 0.73046875 0.06640625 0.03906250
0 0.02734375 0.80664062 0.05468750 0.03515625
0 0.68945312 0.57226562 0.05078125 0.03515625
0 0.66406250 0.59179688 0.06250000 0.02734375
0 0.14843750 0.84179688 0.07031250 0.05859375
0 0.98437500 0.39062500 0.03125000 0.04687500
0 0.65429688 0.87500000 0.07421875 0.06250000
0 0.07617188 0.09570312 0.05078125 0.04296875
0 0.85351562 0.20898438 0.06640625 0.06640625
0 0.12890625 0.12890625 0.04687500 0.04687500
0 0.44335938 0.63085938 0.05078125 0.05078125
0 0.17382812 0.50000000 0.06640625 0.03906250
0 0.79882812 0.93164062 0.05859375 0.05078125
0 0.82421875 0.78906250 0.06250000 0.04687500
0 0.15429688 0.43750000 0.06640625 0.04687500
0 0.35546875 0.65625000 0.07031250 0.03906250
0 0.02539062 0.48632812 0.05078125 0.04296875
0 0.17968750 0.59179688 0.07812500 0.05859375
0 0.79296875 0.24804688 0.07031250 0.06640625
0 0.81835938 0.33203125 0.05859375 0.05468750
0 0.02734375 0.93359375 0.05468750 0.03906250
0 0.88281250 0.30664062 0.05468750 0.05078125
0 0.96093750 0.10156250 0.03906250 0.05468750
0 0.07421875 0.59375000 0.05468750 0.04687500
0 0.30078125 0.00781250 0.03906250 0.01562500
0 0.13476562 0.76171875 0.05859375 0.03906250
0 0.97070312 0.53125000 0.05859375 0.04687500
0 0.13476562 0.92968750 0.05859375 0.03906250
0 0.51757812 0.77148438 0.05859375 0.05078125
0 0.05078125 0.71093750 0.04687500 0.03906250
0 0.13281250 0.05859375 0.04687500 0.05468750
0 0.50585938 0.73242188 0.05078125 0.03515625
0 0.22656250 0.65625000 0.06250000 0.03906250
0 0.09765625 0.89257812 0.05468750 0.04296875
0 0.52539062 0.84960938 0.08984375 0.06640625
0 0.62500000 0.22265625 0.05468750 0.06250000
0 0.68359375 0.66992188 0.05468750 0.04296875
0 0.01562500 0.96875000 0.02343750 0.03906250
0 0.33398438 0.53125000 0.05859375 0.03906250
0 0.30859375 0.32421875 0.04687500 0.05468750
0 0.97851562 0.58593750 0.04296875 0.04687500
