0 0.75341797 0.57373047 0.00878906 0.00878906
0 0.56445312 0.49023438 0.00976562 0.00781250
0 0.76367188 0.57275391 0.00585938 0.00683594
0 0.04052734 0.33740234 0.01074219 0.01074219
0 0.09033203 0.61132812 0.02636719 0.02539062
0 0.42041016 0.45214844 0.02832031 0.02148438
0 0.37597656 0.53125000 0.03125000 0.02539062
0 0.40332031 0.23437500 0.00585938 0.00390625
0 0.39794922 0.82568359 0.02832031 0.02441406
0 0.43847656 0.21875000 0.00976562 0.01757812
0 0.39208984 0.22265625 0.03222656 0.02539062
0 0.73925781 0.72021484 0.01953125 0.02050781
0 0.60644531 0.92187500 0.02148438 0.02148438
0 0.28955078 0.84179688 0.01660156 0.01757812
0 0.30761719 0.83886719 0.03125000 0.02539062
0 0.29638672 0.90478516 0.05175781 0.02832031
0 0.74169922 0.33154297 0.02246094 0.02246094
0 0.15576172 0.95947266 0.02832031 0.02246094
0 0.27587891 0.86279297 0.00878906 0.00878906
0 0.54443359 0.46679688 0.01464844 0.00976562
0 0.46972656 0.87109375 0.00781250 0.00585938
0 0.76074219 0.56250000 0.00976562 0.01171875
0 0.78222656 0.60351562 0.02734375 0.01757812
0 0.41357422 0.42089844 0.02050781 0.02734375
0 0.06103516 0.28906250 0.01855469 0.01953125
0 0.53906250 0.43554688 0.02539062 0.02734375
0 0.46435547 0.86425781 0.00878906 0.00781250
0 0.72900391 0.15576172 0.01074219 0.00878906
0 0.85546875 0.26220703 0.02734375 0.02441406
0 0.18798828 0.70458984 0.02636719 0.02441406
0 0.41259766 0.86718750 0.00683594 0.00585938
0 0.87402344 0.10644531 0.02539062 0.02734375
0 0.35253906 0.36718750 0.00781250 0.00585938
0 0.47998047 0.11328125 0.01855469 0.02539062
0 0.23632812 0.94726562 0.02539062 0.02539062
0 0.93847656 0.18066406 0.02734375 0.02539062
0 0.29150391 0.97900391 0.02246094 0.02636719
0 0.57958984 0.47802734 0.00878906 0.00488281
0 0.60888672 0.00781250 0.02636719 0.01562500
0 0.72509766 0.16357422 0.00683594 0.00683594
0 0.45507812 0.88330078 0.00781250 0.00683594
0 0.00878906 0.46435547 0.01757812 0.02246094
0 0.87353516 0.15380859 0.01464844 0.02050781
0 0.32226562 0.18164062 0.02148438 0.02343750
0 0.42187500 0.34912109 0.02343750 0.02636719
0 0.27050781 0.86035156 0.00781250 0.00976562
0 0.73193359 0.16357422 0.00683594 0.01074219
0 0.75976562 0.57519531 0.00585938 0.00781250
0 0.00878906 0.62939453 0.01757812 0.02636719
0 0.41845703 0.86865234 0.00683594 0.00878906
0 0.42578125 0.84960938 0.02734375 0.02539062
0 0.03173828 0.33056641 0.01660156 0.00878906
0 0.14794922 0.34619141 0.00878906 0.00878906
0 0.75000000 0.72851562 0.02343750 0.02343750
0 0.41455078 0.86230469 0.00683594 0.00585938
0 0.00292969 0.33789062 0.00585938 0.01757812
0 0.69726562 0.03759766 0.02343750 0.02441406
0 0.02441406 0.08154297 0.02148438 0.02441406
0 0.35302734 0.36132812 0.00683594 0.00585938
0 0.04736328 0.47949219 0.00878906 0.01171875
0 0.73339844 0.98632812 0.02539062 0.02539062
0 0.30078125 0.68945312 0.02539062 0.02148438
0 0.70263672 0.62109375 0.03027344 0.02539062
0 0.03417969 0.33593750 0.01953125 0.01562500
0 0.67724609 0.58203125 0.02441406 0.02539062
0 0.57324219 0.61035156 0.00781250 0.00585938
0 0.57275391 0.49560547 0.00878906 0.00488281
0 0.37255859 0.41552734 0.02636719 0.02441406
0 0.71337891 0.37744141 0.02246094 0.02441406
0 0.07861328 0.67822266 0.02050781 0.02636719
0 0.79101562 0.48535156 0.02148438 0.02539062
0 0.99951172 0.46289062 0.00097656 0.02148438
0 0.00830078 0.68066406 0.01660156 0.02148438
0 0.23193359 0.98583984 0.01855469 0.01660156
0 0.28710938 0.38232422 0.03125000 0.02441406
0 0.59814453 0.92333984 0.00683594 0.00488281
0 0.76611328 0.72070312 0.00683594 0.00976562
0 0.03369141 0.33642578 0.01074219 0.00878906
0 0.35937500 0.36279297 0.00781250 0.00683594
0 0.86474609 0.94042969 0.00878906 0.00781250
0 0.32812500 0.78271484 0.01953125 0.02246094
0 0.01367188 0.56835938 0.02734375 0.02929688
0 0.58740234 0.58691406 0.02636719 0.02148438
0 0.70898438 0.97998047 0.00781250 0.00683594
0 0.59375000 0.50537109 0.00781250 0.00878906
0 0.91796875 0.06005859 0.02148438 0.02832031
0 0.03808594 0.49121094 0.01367188 0.03125000
0 0.20312500 0.31005859 0.02148438 0.02050781
0 0.77539062 0.28662109 0.02539062 0.02636719
0 0.41162109 0.87109375 0.00683594 0.00585938
0 0.87744141 0.98046875 0.02832031 0.02734375
0 0.45751953 0.51464844 0.02832031 0.02343750
0 0.70068359 0.99121094 0.00878906 0.01171875
0 0.28076172 0.86621094 0.00878906 0.00781250
0 0.68652344 0.34619141 0.02929688 0.02636719
0 0.55908203 0.13330078 0.02832031 0.02050781
