0 0.74707031 0.35107422 0.01757812 0.01660156
0 0.65380859 0.76367188 0.00683594 0.00976562
0 0.01220703 0.99560547 0.01074219 0.00878906
0 0.48535156 0.65869141 0.00781250 0.01074219
0 0.24511719 0.34765625 0.02539062 0.02343750
0 0.47558594 0.52490234 0.02734375 0.02050781
0 0.84130859 0.15820312 0.01660156 0.02343750
0 0.55615234 0.72851562 0.02441406 0.01953125
0 0.47607422 0.57080078 0.00683594 0.00683594
0 0.15185547 0.82763672 0.01855469 0.02636719
0 0.30419922 0.82177734 0.02246094 0.02050781
0 0.64941406 0.75976562 0.00976562 0.00976562
0 0.93798828 0.35205078 0.00683594 0.00683594
0 0.49121094 0.66552734 0.00781250 0.00878906
0 0.05322266 0.99365234 0.03027344 0.01269531
0 0.11962891 0.03076172 0.02246094 0.02441406
0 0.54931641 0.59423828 0.00878906 0.00878906
0 0.29980469 0.74316406 0.02148438 0.02343750
0 0.52734375 0.63476562 0.01953125 0.02148438
0 0.54443359 0.58593750 0.01464844 0.01367188
0 0.75488281 0.77246094 0.03125000 0.02148438
0 0.64013672 0.76025391 0.00683594 0.00683594
0 0.05371094 0.30371094 0.02734375 0.02148438
0 0.88476562 0.05468750 0.00781250 0.00781250
0 0.20996094 0.40820312 0.02539062 0.02148438
0 0.56347656 0.38671875 0.01757812 0.01757812
0 0.46728516 0.56982422 0.01074219 0.01269531
0 0.87890625 0.04296875 0.00781250 0.00585938
0 0.81884766 0.78417969 0.02441406 0.02539062
0 0.93408203 0.35693359 0.00683594 0.00488281
0 0.74560547 0.10693359 0.01074219 0.00878906
0 0.14160156 0.04882812 0.02148438 0.02148438
0 0.91064453 0.04931641 0.01855469 0.01660156
0 0.76318359 0.81884766 0.02636719 0.02832031
0 0.31298828 0.07128906 0.01269531 0.01171875
0 0.43310547 0.17089844 0.02050781 0.02734375
0 0.57128906 0.62548828 0.00781250 0.00878906
0 0.53613281 0.61816406 0.02148438 0.02539062
0 0.53955078 0.25585938 0.02636719 0.02539062
0 0.55224609 0.26806641 0.00488281 0.00488281
0 0.94238281 0.32031250 0.01562500 0.02343750
0 0.07763672 0.04980469 0.02246094 0.02343750
0 0.47412109 0.66406250 0.00683594 0.00781250
0 0.85986328 0.11328125 0.01855469 0.02343750
0 0.81982422 0.77050781 0.00878906 0.00976562
0 0.92871094 0.00976562 0.00976562 0.01367188
0 0.80322266 0.73925781 0.02832031 0.01953125
0 0.94384766 0.34814453 0.00683594 0.00683594
0 0.87451172 0.05175781 0.00683594 0.00781250
0 0.47753906 0.64990234 0.00585938 0.00488281
0 0.18164062 0.26171875 0.02539062 0.02343750
0 0.56689453 0.11425781 0.02050781 0.01562500
0 0.64160156 0.21582031 0.02148438 0.01953125
0 0.47802734 0.65625000 0.00683594 0.00781250
0 0.89550781 0.03710938 0.00781250 0.00781250
0 0.72558594 0.74316406 0.02929688 0.02148438
0 0.36181641 0.46289062 0.02832031 0.02929688
0 0.40283203 0.53955078 0.02636719 0.02246094
0 0.48437500 0.67187500 0.00390625 0.00781250
0 0.37695312 0.49658203 0.05859375 0.03027344
0 0.42138672 0.16357422 0.00878906 0.00683594
0 0.42578125 0.15625000 0.00781250 0.00976562
0 0.71484375 0.01708984 0.00781250 0.00683594
0 0.66845703 0.41943359 0.02050781 0.02441406
0 0.61865234 0.36621094 0.01855469 0.02539062
0 0.46630859 0.66113281 0.00683594 0.00781250
0 0.02441406 0.45800781 0.01757812 0.02148438
0 0.73632812 0.10595703 0.00781250 0.00878906
0 0.04101562 0.20751953 0.02539062 0.02246094
0 0.33935547 0.73535156 0.02050781 0.02539062
0 0.30371094 0.07568359 0.00781250 0.00878906
0 0.72363281 0.45507812 0.01757812 0.02734375
0 0.59570312 0.28271484 0.01757812 0.01855469
0 0.88476562 0.03369141 0.00781250 0.00683594
0 0.01123047 0.36376953 0.02246094 0.03027344
0 0.57373047 0.61962891 0.00683594 0.00683594
0 0.57128906 0.08007812 0.01562500 0.01757812
0 0.17138672 0.00830078 0.00683594 0.00878906
