0 0.20781250 0.45117188 0.09062500 0.13671875
0 0.75468750 0.33203125 0.07187500 0.08593750
0 0.37812500 0.06835938 0.12500000 0.11328125
0 0.79062500 0.81445312 0.08750000 0.03515625
0 0.45625000 0.20898438 0.06875000 0.08984375
0 0.00781250 0.07421875 0.01562500 0.08593750
0 0.44375000 0.36914062 0.11250000 0.19921875
0 0.86562500 0.64648438 0.08125000 0.05078125
0 0.57500000 0.92578125 0.07500000 0.04687500
0 0.62656250 0.85937500 0.11562500 0.12500000
0 0.55468750 0.14648438 0.11562500 0.12890625
0 0.37656250 0.83593750 0.06562500 0.09375000
0 0.25625000 0.70312500 0.07500000 0.08593750
0 0.16093750 0.33984375 0.09687500 0.08593750
0 0.98750000 0.00976562 0.02500000 0.01953125
0 0.02187500 0.72265625 0.04375000 0.11718750
0 0.47187500 0.71093750 0.08125000 0.07812500
0 0.80468750 0.45898438 0.10312500 0.17578125
0 0.49218750 0.59765625 0.10312500 0.10156250
0 0.44062500 0.14843750 0.05625000 0.07031250
0 0.35468750 0.57617188 0.08437500 0.11328125
0 0.69531250 0.41601562 0.07187500 0.09765625
0 0.02812500 0.42187500 0.05625000 0.09375000
0 0.82500000 0.34570312 0.06875000 0.08203125
0 0.37031250 0.23828125 0.09062500 0.07812500
0 0.19531250 0.24804688 0.09062500 0.08984375
0 0.04531250 0.33789062 0.07187500 0.08203125
0 0.62187500 0.63085938 0.08750000 0.08203125
0 0.56406250 0.48437500 0.14062500 0.17187500
0 0.69531250 0.64453125 0.05937500 0.09375000
0 0.77187500 0.01953125 0.07500000 0.03906250
0 0.03281250 0.88476562 0.05312500 0.10546875
0 0.30000000 0.78125000 0.06875000 0.09375000
0 0.25625000 0.05078125 0.07500000 0.09375000
0 0.64531250 0.24804688 0.07187500 0.11328125
0 0.46875000 0.90625000 0.10625000 0.14062500
0 0.57031250 0.97070312 0.07187500 0.05078125
0 0.02656250 0.30468750 0.05312500 0.05468750
0 0.95937500 0.47656250 0.06875000 0.10937500
0 0.46250000 0.00390625 0.03750000 0.00781250
0 0.63125000 0.98046875 0.05000000 0.03906250
0 0.12968750 0.48828125 0.05312500 0.10156250
0 0.97812500 0.58203125 0.04375000 0.10156250
0 0.65468750 0.73437500 0.06562500 0.08593750
0 0.19375000 0.56445312 0.04375000 0.06640625
0 0.98906250 0.94531250 0.02187500 0.07031250
0 0.05781250 0.64648438 0.11562500 0.15234375
0 0.90312500 0.44921875 0.06875000 0.10156250
0 0.56718750 0.29296875 0.09687500 0.08593750
0 0.59062500 0.38867188 0.03125000 0.05078125
0 0.23125000 0.80468750 0.06875000 0.12500000
0 0.81406250 0.24609375 0.06562500 0.09375000
0 0.32187500 0.88281250 0.08750000 0.10156250
0 0.34687500 0.15039062 0.11875000 0.09765625
0 0.25468750 0.91992188 0.07812500 0.05859375
0 0.30625000 0.43945312 0.11875000 0.19140625
0 0.07968750 0.19531250 0.12812500 0.13281250
0 0.42656250 0.65039062 0.07187500 0.08203125
0 0.16250000 0.09179688 0.09375000 0.08203125
