0 0.87083333 0.59166667 0.14166667 0.11111111
0 0.99861111 0.60833333 0.00277778 0.08888889
0 0.53750000 0.98333333 0.08611111 0.03333333
0 0.06666667 0.95972222 0.13333333 0.08055556
0 0.35416667 0.36944444 0.16944444 0.12222222
0 0.74861111 0.85694444 0.12500000 0.13055556
0 0.94722222 0.14444444 0.10555556 0.20555556
0 0.94444444 0.75833333 0.11111111 0.14444444
0 0.61388889 0.46111111 0.12777778 0.12777778
0 0.18888889 0.05277778 0.21111111 0.10555556
0 0.18333333 0.67500000 0.20000000 0.11666667
0 0.39722222 0.62083333 0.14444444 0.16388889
0 0.71527778 0.26388889 0.15833333 0.13888889
0 0.03194444 0.77500000 0.06388889 0.18333333
0 0.59444444 0.19305556 0.15000000 0.16944444
0 0.17083333 0.22361111 0.20833333 0.15833333
0 0.24583333 0.53333333 0.18611111 0.14444444
0 0.09166667 0.81527778 0.03888889 0.03055556
0 0.08333333 0.38611111 0.16666667 0.16111111
0 0.74444444 0.05833333 0.14444444 0.11666667
0 0.62361111 0.64861111 0.13055556 0.12500000
0 0.62361111 0.91666667 0.14166667 0.12222222
0 0.93888889 0.44166667 0.12222222 0.09444444
0 0.32638889 0.90694444 0.16944444 0.17500000
