0 0.39843750 0.23046875 0.11718750 0.11718750
0 0.50195312 0.06054688 0.11328125 0.10546875
0 0.25390625 0.67578125 0.10156250 0.09375000
0 0.88867188 0.20507812 0.07421875 0.06640625
0 0.38867188 0.45312500 0.08203125 0.10156250
0 0.21875000 0.77148438 0.07812500 0.08203125
0 0.63085938 0.57812500 0.08984375 0.10156250
0 0.48242188 0.58593750 0.06640625 0.13281250
0 0.38281250 0.70312500 0.09375000 0.09375000
0 0.92773438 0.98437500 0.09765625 0.03125000
0 0.83984375 0.14843750 0.07812500 0.07812500
0 0.98828125 0.85546875 0.02343750 0.07812500
0 0.77148438 0.57421875 0.09765625 0.09375000
0 0.61523438 0.75976562 0.11328125 0.10546875
0 0.78125000 0.95703125 0.10937500 0.08593750
0 0.43554688 0.37304688 0.06640625 0.11328125
0 0.49804688 0.28710938 0.12890625 0.15234375
0 0.60742188 0.12500000 0.09765625 0.09375000
0 0.01171875 0.64062500 0.02343750 0.07031250
0 0.75976562 0.41210938 0.10546875 0.10546875
0 0.91406250 0.86914062 0.07812500 0.07421875
0 0.59375000 0.65625000 0.03906250 0.03906250
0 0.06250000 0.88085938 0.12500000 0.15234375
0 0.58789062 0.22460938 0.06640625 0.08984375
0 0.80468750 0.83398438 0.07812500 0.08203125
0 0.87109375 0.82031250 0.06250000 0.06250000
0 0.04882812 0.74804688 0.08984375 0.10546875
0 0.94140625 0.08203125 0.06250000 0.04687500
0 0.31054688 0.30468750 0.08984375 0.08593750
0 0.30664062 0.81445312 0.08203125 0.08984375
0 0.13085938 0.76562500 0.06640625 0.09375000
0 0.43164062 0.93359375 0.08984375 0.07812500
0 0.18945312 0.88085938 0.08203125 0.09765625
0 0.06250000 0.50390625 0.10156250 0.09375000
0 0.95117188 0.59960938 0.09765625 0.11328125
0 0.68359375 0.44531250 0.11718750 0.12500000
0 0.29882812 0.96875000 0.09765625 0.06250000
0 0.36914062 0.36718750 0.08203125 0.10937500
0 0.32031250 0.51953125 0.08593750 0.08593750
0 0.16210938 0.67773438 0.04296875 0.06640625
