0 0.19755747 0.06057692 0.08764368 0.08653846
0 0.47629310 0.61250000 0.06178161 0.10192308
0 0.62787356 0.44807692 0.06896552 0.05769231
0 0.84051724 0.96346154 0.09482759 0.07307692
0 0.50143678 0.17019231 0.06034483 0.12500000
0 0.23060345 0.22788462 0.06178161 0.11730769
0 0.69540230 0.48461538 0.08045977 0.11153846
0 0.03879310 0.41538462 0.06321839 0.11153846
0 0.32974138 0.13846154 0.07614943 0.11153846
0 0.99784483 0.93846154 0.00431034 0.02692308
0 0.90804598 0.18076923 0.06321839 0.10769231
0 0.40229885 0.07788462 0.06896552 0.13269231
0 0.23850575 0.59230769 0.06896552 0.12692308
0 0.10272989 0.47211538 0.07614943 0.11730769
0 0.16666667 0.39134615 0.08620690 0.10192308
0 0.13362069 0.81538462 0.06034483 0.16538462
0 0.45833333 0.30288462 0.06609195 0.11730769
0 0.64367816 0.03750000 0.05747126 0.07500000
0 0.89224138 0.48942308 0.04885057 0.12500000
0 0.33620690 0.63365385 0.06321839 0.13269231
0 0.98347701 0.37019231 0.03304598 0.08653846
0 0.00862069 0.61538462 0.01724138 0.12692308
0 0.35201149 0.97500000 0.05747126 0.05000000
0 0.07974138 0.93365385 0.06178161 0.12884615
0 0.96910920 0.75865385 0.06178161 0.09038462
0 0.39367816 0.66538462 0.07758621 0.08461538
0 0.16810345 0.21826923 0.07183908 0.10192308
0 0.45977011 0.51826923 0.05747126 0.10576923
0 0.22341954 0.97500000 0.05890805 0.05000000
0 0.63936782 0.83846154 0.08333333 0.08461538
0 0.41954023 0.84807692 0.07183908 0.07692308
0 0.59051724 0.37500000 0.08333333 0.11538462
0 0.77155172 0.66923077 0.07758621 0.11153846
0 0.77227011 0.09711538 0.09339080 0.07884615
