0 0.30664062 0.59765625 0.08984375 0.08593750
0 0.57226562 0.67773438 0.05859375 0.05859375
0 0.69140625 0.22265625 0.08593750 0.07812500
0 0.84960938 0.48828125 0.05859375 0.06250000
0 0.70898438 0.37304688 0.06640625 0.05078125
0 0.26562500 0.25585938 0.07031250 0.08203125
0 0.45312500 0.88867188 0.06250000 0.05078125
0 0.89062500 0.25000000 0.08593750 0.07031250
0 0.04882812 0.03125000 0.02734375 0.02343750
0 0.32812500 0.15429688 0.07031250 0.11328125
0 0.55273438 0.23437500 0.10546875 0.08593750
0 0.43554688 0.01562500 0.08203125 0.03125000
0 0.71875000 0.95898438 0.04687500 0.04296875
0 0.18945312 0.82617188 0.09765625 0.08203125
0 0.35742188 0.98046875 0.04296875 0.03906250
0 0.09570312 0.39453125 0.05859375 0.04687500
0 0.93164062 0.06640625 0.09765625 0.09375000
0 0.31835938 0.76562500 0.05859375 0.06250000
0 0.99218750 0.30273438 0.01562500 0.04296875
0 0.02148438 0.02929688 0.04296875 0.04296875
0 0.01171875 0.82421875 0.02343750 0.03906250
0 0.60937500 0.07617188 0.08593750 0.08203125
0 0.95703125 0.70312500 0.08593750 0.08593750
0 0.03515625 0.92968750 0.07031250 0.07812500
0 0.25976562 0.42968750 0.06640625 0.09375000
0 0.84960938 0.34765625 0.05859375 0.04687500
0 0.42968750 0.70898438 0.08593750 0.07421875
0 0.58007812 0.93945312 0.08984375 0.07421875
0 0.69335938 0.48828125 0.05859375 0.05468750
