0 0.06944444 0.45694444 0.13888889 0.19722222
0 0.01805556 0.98750000 0.03611111 0.02500000
0 0.50972222 0.83055556 0.12500000 0.18333333
0 0.92916667 0.04444444 0.11944444 0.08888889
0 0.09027778 0.25138889 0.14722222 0.12500000
0 0.62777778 0.96111111 0.18888889 0.07777778
0 0.35972222 0.40972222 0.15277778 0.13055556
0 0.18750000 0.67777778 0.20277778 0.20555556
0 0.01111111 0.00833333 0.01666667 0.01666667
0 0.56805556 0.45277778 0.14166667 0.16111111
0 0.94722222 0.89444444 0.10555556 0.15000000
0 0.65555556 0.78333333 0.13888889 0.20555556
0 0.05416667 0.87777778 0.10833333 0.12777778
0 0.26805556 0.29305556 0.19166667 0.14722222
0 0.48055556 0.26666667 0.16666667 0.12222222
0 0.81666667 0.90555556 0.12777778 0.18333333
0 0.90833333 0.09305556 0.03888889 0.05833333
0 0.89583333 0.05694444 0.07500000 0.10833333
0 0.92361111 0.54444444 0.14166667 0.12222222
0 0.41527778 0.57638889 0.14722222 0.13611111
0 0.20277778 0.93750000 0.17222222 0.12500000
0 0.00138889 0.28333333 0.00277778 0.06666667
0 0.44027778 0.00416667 0.11388889 0.00833333
0 0.13888889 0.98333333 0.10000000 0.03333333
0 0.03194444 0.31388889 0.05833333 0.11666667
