0 0.29101562 0.62500000 0.04296875 0.03906250
0 0.51367188 0.54687500 0.04296875 0.04687500
0 0.25781250 0.51562500 0.02343750 0.03906250
0 0.35156250 0.01171875 0.03906250 0.02343750
0 0.20898438 0.52148438 0.01953125 0.01953125
0 0.06054688 0.26562500 0.02734375 0.02343750
0 0.23828125 0.44140625 0.04687500 0.03906250
0 0.10351562 0.44140625 0.04296875 0.05468750
0 0.46484375 0.15625000 0.03906250 0.04687500
0 0.14843750 0.38085938 0.03125000 0.03515625
0 0.22656250 0.27148438 0.02343750 0.01953125
0 0.29882812 0.04687500 0.05859375 0.02343750
0 0.38671875 0.34765625 0.04687500 0.03906250
0 0.24609375 0.36132812 0.03906250 0.03515625
0 0.08789062 0.31250000 0.03515625 0.02343750
0 0.02148438 0.19335938 0.04296875 0.04296875
0 0.07812500 0.28515625 0.04687500 0.03125000
0 0.29296875 0.01953125 0.03906250 0.03906250
0 0.40234375 0.13281250 0.05468750 0.04687500
0 0.11523438 0.38476562 0.04296875 0.04296875
0 0.59179688 0.07031250 0.03515625 0.03906250
0 0.31054688 0.01171875 0.02734375 0.02343750
0 0.78906250 0.01171875 0.03125000 0.02343750
