0 0.03281250 0.62500000 0.05312500 0.03906250
0 0.24531250 0.34375000 0.07187500 0.07812500
0 0.12187500 0.31835938 0.08125000 0.05078125
0 0.82812500 0.08593750 0.05625000 0.03125000
0 0.49375000 0.12890625 0.03750000 0.03125000
0 0.51093750 0.41406250 0.02187500 0.01562500
0 0.43125000 0.21093750 0.04375000 0.04687500
0 0.97187500 0.84179688 0.05625000 0.03515625
0 0.87187500 0.89062500 0.04375000 0.03906250
0 0.98906250 0.75195312 0.02187500 0.04296875
0 0.79375000 0.59179688 0.10625000 0.11328125
0 0.57187500 0.85351562 0.06875000 0.08984375
0 0.54531250 0.98242188 0.05937500 0.03515625
0 0.71250000 0.20117188 0.06250000 0.05078125
0 0.89843750 0.44140625 0.05312500 0.04687500
0 0.98281250 0.51171875 0.02812500 0.08593750
0 0.31250000 0.97851562 0.02500000 0.02734375
0 0.31562500 0.50976562 0.05625000 0.02734375
0 0.53906250 0.44531250 0.05312500 0.03125000
0 0.85625000 0.98437500 0.04375000 0.03125000
0 0.97187500 0.37304688 0.02500000 0.07421875
0 0.81093750 0.20703125 0.09687500 0.09375000
0 0.77187500 0.75976562 0.08750000 0.05859375
0 0.70000000 0.51757812 0.06875000 0.08984375
0 0.32812500 0.85546875 0.08125000 0.07812500
0 0.22500000 0.49609375 0.05000000 0.03906250
0 0.27812500 0.58593750 0.05000000 0.02343750
0 0.63281250 0.17578125 0.07187500 0.03906250
0 0.91406250 0.15625000 0.04687500 0.10156250
0 0.33281250 0.97851562 0.02812500 0.01953125
0 0.30468750 0.90625000 0.07187500 0.06250000
0 0.50000000 0.37500000 0.02500000 0.03125000
0 0.36250000 0.89843750 0.03125000 0.06250000
0 0.92031250 0.51562500 0.04062500 0.05468750
0 0.02031250 0.23632812 0.04062500 0.04296875
0 0.04843750 0.41015625 0.07812500 0.04687500
0 0.05468750 0.85351562 0.02812500 0.03515625
0 0.29531250 0.49023438 0.03437500 0.02734375
0 0.97343750 0.91601562 0.04062500 0.05078125
0 0.13750000 0.77929688 0.04375000 0.03515625
0 0.46718750 0.90234375 0.07187500 0.07031250
0 0.80156250 0.89062500 0.07187500 0.04687500
0 0.76875000 0.16992188 0.05000000 0.04296875
0 0.26406250 0.98437500 0.03437500 0.02343750
0 0.33281250 0.74804688 0.05312500 0.03515625
0 0.33593750 0.65625000 0.07812500 0.09375000
0 0.40468750 0.65625000 0.04687500 0.03125000
0 0.67500000 0.84375000 0.08125000 0.09375000
0 0.07500000 0.80078125 0.05000000 0.04687500
0 0.40937500 0.46289062 0.06250000 0.03515625
0 0.56718750 0.54687500 0.04687500 0.05468750
0 0.92812500 0.75390625 0.05625000 0.05468750
0 0.59843750 0.12500000 0.04687500 0.03125000
0 0.52343750 0.19726562 0.04062500 0.02734375
0 0.82031250 0.48437500 0.05312500 0.06250000
0 0.16875000 0.67382812 0.03750000 0.04296875
0 0.22187500 0.91406250 0.03125000 0.02343750
0 0.91562500 0.39648438 0.02500000 0.01953125
0 0.25000000 0.81445312 0.06875000 0.05078125
0 0.19062500 0.78125000 0.01875000 0.02343750
0 0.57031250 0.02734375 0.05937500 0.05468750
0 0.35156250 0.24609375 0.05937500 0.05468750
0 0.91093750 0.91015625 0.03437500 0.04687500
0 0.39687500 0.89257812 0.05000000 0.05078125
0 0.55937500 0.35156250 0.03750000 0.03906250
0 0.66562500 0.30859375 0.01875000 0.02343750
0 0.97812500 0.23046875 0.03750000 0.03906250
0 0.51250000 0.53906250 0.05000000 0.03906250
0 0.60625000 0.52539062 0.05000000 0.05859375
0 0.11875000 0.97460938 0.05625000 0.02734375
0 0.42968750 0.54296875 0.05312500 0.05468750
0 0.44843750 0.60742188 0.03437500 0.02734375
0 0.30781250 0.17382812 0.06562500 0.05078125
0 0.63281250 0.29296875 0.09062500 0.05468750
0 0.69375000 0.11132812 0.06875000 0.04296875
0 0.56718750 0.28125000 0.04687500 0.04687500
0 0.70937500 0.35742188 0.02500000 0.05859375
0 0.30156250 0.82421875 0.09062500 0.08593750
0 0.55156250 0.75195312 0.02812500 0.03515625
0 0.35312500 0.70703125 0.03125000 0.03125000
0 0.60468750 0.23632812 0.09062500 0.04296875
0 0.22968750 0.65625000 0.04687500 0.03906250
0 0.96875000 0.97460938 0.05625000 0.04296875
0 0.41718750 0.81640625 0.03437500 0.03125000
0 0.04687500 0.89843750 0.03750000 0.03125000
0 0.74687500 0.69140625 0.06250000 0.08593750
0 0.57812500 0.46289062 0.03125000 0.01953125
0 0.52187500 0.23242188 0.04375000 0.04296875
0 0.49531250 0.29101562 0.05312500 0.04296875
0 0.54687500 0.89843750 0.08125000 0.07031250
0 0.67500000 0.03515625 0.03750000 0.03125000
0 0.82500000 0.67187500 0.03125000 0.06250000
0 0.02187500 0.77148438 0.04375000 0.05078125
0 0.28906250 0.61914062 0.04687500 0.03515625
0 0.60781250 0.90625000 0.05937500 0.07812500
0 0.34062500 0.60546875 0.04375000 0.03125000
0 0.70156250 0.91992188 0.05312500 0.02734375
0 0.73125000 0.03906250 0.08125000 0.06250000
0 0.41250000 0.36718750 0.06250000 0.03125000
0 0.40000000 0.02539062 0.05000000 0.05078125
0 0.11718750 0.72070312 0.05312500 0.03515625
0 0.55468750 0.66406250 0.07187500 0.06250000
0 0.06875000 0.53515625 0.06875000 0.05468750
0 0.16250000 0.93945312 0.05000000 0.03515625
0 0.01562500 0.28515625 0.03125000 0.03125000
0 0.49531250 0.71875000 0.05937500 0.05468750
0 0.61093750 0.58203125 0.06562500 0.05468750
0 0.00468750 0.36132812 0.00937500 0.04296875
0 0.17500000 0.02734375 0.08125000 0.05468750
0 0.54843750 0.58789062 0.07187500 0.06640625
0 0.90937500 0.56640625 0.03750000 0.10156250
0 0.16562500 0.97656250 0.05000000 0.03125000
0 0.87656250 0.77734375 0.05312500 0.05468750
0 0.96406250 0.01562500 0.04062500 0.03125000
0 0.10312500 0.63085938 0.06250000 0.03515625
0 0.58750000 0.40820312 0.04375000 0.03515625
0 0.07500000 0.08984375 0.03125000 0.03906250
0 0.66093750 0.50781250 0.04062500 0.04687500
0 0.44531250 0.39648438 0.04687500 0.03515625
0 0.93906250 0.33203125 0.05937500 0.03125000
0 0.76875000 0.13476562 0.08750000 0.03515625
0 0.87500000 0.34570312 0.03125000 0.04296875
0 0.86093750 0.04101562 0.04687500 0.02734375
0 0.13593750 0.58203125 0.05937500 0.02343750
0 0.46875000 0.65625000 0.03125000 0.02343750
0 0.48593750 0.80273438 0.04062500 0.03515625
0 0.62343750 0.65820312 0.04062500 0.05078125
0 0.22656250 0.55468750 0.05312500 0.04687500
0 0.12812500 0.82226562 0.03125000 0.02734375
0 0.39375000 0.73828125 0.06875000 0.05468750
0 0.33906250 0.55273438 0.05937500 0.03515625
0 0.63437500 0.37890625 0.03750000 0.03125000
0 0.68437500 0.76953125 0.08125000 0.06250000
0 0.67812500 0.44921875 0.05000000 0.04687500
0 0.83125000 0.81250000 0.05625000 0.06250000
0 0.49062500 0.61914062 0.05625000 0.05859375
0 0.61562500 0.71875000 0.07500000 0.04687500
0 0.05156250 0.70312500 0.03437500 0.03906250
0 0.80937500 0.92968750 0.05000000 0.05468750
0 0.38281250 0.78710938 0.08437500 0.04296875
0 0.91718750 0.99023438 0.02812500 0.01953125
0 0.07812500 0.95312500 0.03750000 0.03125000
0 0.23125000 0.98046875 0.03750000 0.03125000
0 0.74531250 0.56445312 0.02187500 0.04296875
0 0.94062500 0.65625000 0.02500000 0.04687500
0 0.77343750 0.04296875 0.04062500 0.02343750
0 0.66875000 0.67578125 0.06875000 0.10937500
0 0.60312500 0.35351562 0.05000000 0.04296875
0 0.52187500 0.48242188 0.03125000 0.01953125
0 0.64687500 0.96875000 0.04375000 0.03125000
0 0.15625000 0.90234375 0.08750000 0.03125000
