0 0.83055556 0.28888889 0.12777778 0.16111111
0 0.98472222 0.02083333 0.03055556 0.04166667
0 0.23611111 0.29305556 0.11111111 0.17500000
0 0.80555556 0.92777778 0.15000000 0.08888889
0 0.98194444 0.88472222 0.03611111 0.14722222
0 0.07222222 0.85416667 0.14444444 0.11944444
0 0.47916667 0.50972222 0.14166667 0.15277778
0 0.84861111 0.12777778 0.14722222 0.13333333
0 0.36527778 0.02916667 0.17500000 0.05833333
0 0.22916667 0.12361111 0.19722222 0.13055556
0 0.01527778 0.44305556 0.03055556 0.13055556
0 0.34305556 0.72916667 0.16388889 0.09722222
0 0.91944444 0.97916667 0.10555556 0.04166667
0 0.49305556 0.75416667 0.16388889 0.19722222
0 0.08055556 0.68750000 0.16111111 0.14166667
0 0.70416667 0.34305556 0.14166667 0.13611111
0 0.41527778 0.92500000 0.20833333 0.15000000
0 0.01388889 0.96944444 0.02222222 0.06111111
0 0.61111111 0.46944444 0.18333333 0.13888889
0 0.27777778 0.48333333 0.13333333 0.16111111
0 0.68611111 0.04027778 0.13333333 0.08055556
0 0.10138889 0.47222222 0.16388889 0.15555556
0 0.89861111 0.76111111 0.16388889 0.19444444
0 0.09861111 0.31388889 0.15277778 0.15555556
0 0.46666667 0.08750000 0.18333333 0.14166667
