0 0.84444444 0.75000000 0.03333333 0.03888889
0 0.90972222 0.32083333 0.18055556 0.13055556
0 0.76527778 0.41111111 0.14166667 0.20555556
0 0.34444444 0.55277778 0.15000000 0.13333333
0 0.97500000 0.12916667 0.05000000 0.09722222
0 0.03888889 0.93333333 0.07777778 0.13333333
0 0.56250000 0.39305556 0.13055556 0.18611111
0 0.31666667 0.02361111 0.08888889 0.04722222
0 0.88333333 0.07777778 0.02222222 0.02777778
0 0.12083333 0.92916667 0.11944444 0.14166667
0 0.19583333 0.18888889 0.16944444 0.14444444
0 0.72361111 0.60972222 0.08055556 0.05833333
0 0.18611111 0.72638889 0.13333333 0.15277778
0 0.06111111 0.66250000 0.12222222 0.16388889
0 0.48055556 0.21250000 0.15000000 0.14722222
0 0.33055556 0.18055556 0.12222222 0.18888889
0 0.74444444 0.76388889 0.17222222 0.18888889
0 0.03472222 0.38472222 0.06944444 0.11388889
0 0.59444444 0.95277778 0.15555556 0.09444444
0 0.97083333 0.61666667 0.05833333 0.15000000
0 0.04305556 0.02500000 0.08611111 0.05000000
0 0.84583333 0.17777778 0.13055556 0.14444444
0 0.67500000 0.03194444 0.17222222 0.06388889
0 0.42222222 0.89583333 0.10000000 0.15833333
