0 0.50625000 0.37109375 0.07500000 0.07812500
0 0.39687500 0.84765625 0.10625000 0.13281250
0 0.67187500 0.31250000 0.11250000 0.19531250
0 0.55312500 0.84570312 0.07500000 0.08984375
0 0.47656250 0.48046875 0.04062500 0.07031250
0 0.86250000 0.87695312 0.07500000 0.08203125
0 0.16718750 0.62890625 0.07812500 0.07812500
0 0.72812500 0.79492188 0.05000000 0.07421875
0 0.97187500 0.20117188 0.05625000 0.15234375
0 0.80312500 0.09375000 0.04375000 0.08593750
0 0.53281250 0.50585938 0.06562500 0.08984375
0 0.98437500 0.97460938 0.03125000 0.04296875
0 0.65156250 0.00976562 0.08437500 0.01953125
0 0.42187500 0.75976562 0.06250000 0.11328125
0 0.65937500 0.10937500 0.03750000 0.06250000
0 0.59531250 0.37109375 0.07812500 0.09375000
0 0.64375000 0.07617188 0.01875000 0.03515625
0 0.90625000 0.21289062 0.05625000 0.12109375
0 0.55312500 0.59570312 0.06250000 0.07421875
0 0.29687500 0.42773438 0.06250000 0.09765625
0 0.82343750 0.56445312 0.09062500 0.19140625
0 0.01250000 0.51953125 0.02500000 0.09375000
0 0.07656250 0.98437500 0.10312500 0.02343750
0 0.35937500 0.38476562 0.05625000 0.06640625
0 0.17343750 0.48828125 0.08437500 0.10937500
0 0.68593750 0.11328125 0.02187500 0.03906250
0 0.33593750 0.86914062 0.07812500 0.06640625
0 0.77812500 0.93554688 0.07500000 0.09765625
0 0.35156250 0.58203125 0.09062500 0.08593750
0 0.42656250 0.56835938 0.07812500 0.08203125
0 0.86250000 0.12890625 0.06250000 0.08593750
0 0.46875000 0.84960938 0.05000000 0.08203125
0 0.63281250 0.53710938 0.06562500 0.08984375
0 0.77812500 0.01367188 0.06250000 0.02734375
0 0.51093750 0.78320312 0.05937500 0.06640625
0 0.92500000 0.02929688 0.06875000 0.05859375
0 0.33281250 0.70898438 0.07812500 0.08203125
0 0.64843750 0.97070312 0.06562500 0.05078125
0 0.01406250 0.34375000 0.02812500 0.10156250
0 0.10937500 0.56640625 0.08750000 0.09375000
0 0.60312500 0.92187500 0.04375000 0.03906250
0 0.07500000 0.74218750 0.08125000 0.08593750
0 0.63125000 0.12500000 0.01875000 0.03906250
0 0.98593750 0.10742188 0.02812500 0.08984375
0 0.69375000 0.67578125 0.06875000 0.09375000
0 0.48125000 0.97460938 0.06250000 0.05078125
0 0.97812500 0.03515625 0.04375000 0.07031250
0 0.20156250 0.69921875 0.07187500 0.09375000
0 0.20156250 0.79492188 0.08437500 0.12890625
