0 0.21527778 0.22916667 0.14722222 0.16388889
0 0.05000000 0.38472222 0.10000000 0.19722222
0 0.29444444 0.94861111 0.10000000 0.10277778
0 0.60555556 0.14027778 0.16111111 0.20833333
0 0.46111111 0.28472222 0.15555556 0.16388889
0 0.72361111 0.48333333 0.16388889 0.08333333
0 0.58472222 0.73194444 0.21388889 0.11944444
0 0.26250000 0.01527778 0.09722222 0.03055556
0 0.45694444 0.92777778 0.14722222 0.14444444
0 0.56388889 0.01111111 0.10000000 0.02222222
0 0.37083333 0.70277778 0.20833333 0.11111111
0 0.14583333 0.06388889 0.02500000 0.02777778
0 0.79583333 0.04166667 0.15277778 0.08333333
0 0.07500000 0.59861111 0.15000000 0.16944444
0 0.91805556 0.76666667 0.16388889 0.08888889
0 0.65833333 0.35694444 0.26666667 0.15833333
0 0.75416667 0.11944444 0.18055556 0.10000000
0 0.85416667 0.21944444 0.16944444 0.12777778
0 0.68055556 0.61250000 0.20000000 0.13055556
0 0.06944444 0.80972222 0.13888889 0.17500000
0 0.85694444 0.93333333 0.19166667 0.13333333
0 0.94583333 0.47916667 0.10833333 0.12500000
0 0.08055556 0.05000000 0.12222222 0.10000000
