0 0.56640625 0.68554688 0.04687500 0.05859375
0 0.86718750 0.55078125 0.06250000 0.06250000
0 0.66992188 0.02539062 0.01953125 0.01953125
0 0.33593750 0.26757812 0.03906250 0.04296875
0 0.19140625 0.43750000 0.04687500 0.03906250
0 0.59375000 0.12500000 0.04687500 0.04687500
0 0.98632812 0.40625000 0.02734375 0.07031250
0 0.16015625 0.64843750 0.03125000 0.03125000
0 0.67968750 0.60351562 0.06250000 0.04296875
0 0.77343750 0.19140625 0.04687500 0.03906250
0 0.64257812 0.52539062 0.04296875 0.06640625
0 0.67187500 0.56640625 0.06250000 0.05468750
0 0.58593750 0.08593750 0.04687500 0.04687500
0 0.76562500 0.84570312 0.03125000 0.03515625
0 0.35156250 0.38281250 0.06250000 0.04687500
