0 0.89152299 0.71153846 0.03879310 0.05769231
0 0.91522989 0.56442308 0.03160920 0.06346154
0 0.71695402 0.21634615 0.04597701 0.05192308
0 0.99137931 0.73365385 0.01724138 0.04038462
0 0.08333333 0.47500000 0.05172414 0.05384615
0 0.98994253 0.90865385 0.02011494 0.04423077
0 0.15086207 0.56634615 0.04885057 0.05192308
0 0.63864943 0.79038462 0.03017241 0.09230769
0 0.54885057 0.69038462 0.04022989 0.07307692
0 0.15517241 0.32115385 0.04885057 0.06538462
0 0.84626437 0.22019231 0.04310345 0.05576923
0 0.45761494 0.74326923 0.04166667 0.05192308
0 0.14080460 0.06442308 0.05459770 0.07884615
0 0.62356322 0.04326923 0.04022989 0.08269231
0 0.03807471 0.19230769 0.05316092 0.06538462
0 0.24281609 0.77211538 0.05459770 0.04038462
0 0.71982759 0.70000000 0.04597701 0.05000000
0 0.73850575 0.60096154 0.04310345 0.05961538
0 0.95043103 0.71057692 0.01867816 0.02884615
0 0.27155172 0.45961538 0.04310345 0.08076923
0 0.59841954 0.90480769 0.04166667 0.05961538
0 0.21982759 0.01923077 0.03160920 0.03846154
0 0.40014368 0.69615385 0.06465517 0.05769231
0 0.39295977 0.00673077 0.02729885 0.01346154
0 0.64224138 0.33846154 0.03735632 0.07307692
0 0.87500000 0.11538462 0.04310345 0.06538462
0 0.58261494 0.65192308 0.03017241 0.11538462
0 0.76652299 0.49326923 0.04454023 0.07500000
0 0.85991379 0.49134615 0.05603448 0.06346154
0 0.05962644 0.25288462 0.03879310 0.03653846
0 0.70761494 0.01826923 0.03591954 0.03653846
0 0.98778736 0.84230769 0.02442529 0.07692308
0 0.98347701 0.70096154 0.03304598 0.05576923
0 0.94252874 0.54615385 0.04022989 0.06923077
0 0.26867816 0.06634615 0.04310345 0.08653846
0 0.18821839 0.30769231 0.04885057 0.08076923
0 0.10488506 0.80865385 0.04885057 0.05576923
0 0.12931034 0.24134615 0.04022989 0.07115385
0 0.67744253 0.93461538 0.03879310 0.08461538
0 0.47916667 0.00865385 0.02442529 0.01730769
0 0.50646552 0.31826923 0.03879310 0.07500000
0 0.48635057 0.78076923 0.03879310 0.05000000
0 0.45402299 0.11057692 0.03735632 0.07115385
0 0.52945402 0.14230769 0.03591954 0.08846154
0 0.75933908 0.80769231 0.04166667 0.06538462
0 0.74209770 0.36730769 0.06178161 0.05769231
0 0.96192529 0.20961538 0.05890805 0.06538462
0 0.68462644 0.31153846 0.05028736 0.05384615
0 0.99066092 0.03942308 0.01867816 0.07884615
0 0.93247126 0.69134615 0.02873563 0.05192308
0 0.02586207 0.72307692 0.05172414 0.05384615
0 0.98635057 0.51442308 0.02729885 0.05192308
0 0.49497126 0.64038462 0.04166667 0.06923077
0 0.04885057 0.28653846 0.03160920 0.06153846
0 0.72054598 0.75288462 0.04741379 0.04807692
0 0.19971264 0.66153846 0.06896552 0.06538462
0 0.15948276 0.46730769 0.05172414 0.07307692
0 0.49209770 0.40961538 0.05028736 0.05000000
0 0.89008621 0.33173077 0.05603448 0.05961538
0 0.38505747 0.43557692 0.04310345 0.07115385
0 0.79166667 0.22403846 0.06034483 0.05192308
0 0.03807471 0.93461538 0.04166667 0.07692308
0 0.41810345 0.73461538 0.05172414 0.04230769
0 0.05100575 0.62596154 0.06465517 0.06346154
0 0.41163793 0.79903846 0.05316092 0.04423077
0 0.66091954 0.56153846 0.04022989 0.05769231
0 0.04022989 0.33269231 0.05459770 0.04230769
0 0.00431034 0.25576923 0.00862069 0.01153846
0 0.59051724 0.31730769 0.03448276 0.05769231
0 0.15301724 0.38750000 0.03591954 0.05192308
0 0.43103448 0.57500000 0.06609195 0.03461538
0 0.30028736 0.20865385 0.04310345 0.07500000
0 0.75790230 0.03653846 0.03017241 0.05769231
0 0.59985632 0.43173077 0.04166667 0.05576923
0 0.98419540 0.29903846 0.03160920 0.07115385
0 0.43750000 0.25865385 0.04166667 0.07500000
0 0.66091954 0.65673077 0.04885057 0.04807692
0 0.05962644 0.38173077 0.05890805 0.05192308
0 0.30747126 0.31153846 0.03448276 0.06923077
0 0.53017241 0.92980769 0.04885057 0.05192308
0 0.82686782 0.80865385 0.04454023 0.04807692
0 0.20905172 0.47403846 0.03879310 0.06730769
0 0.80531609 0.03269231 0.03591954 0.06538462
0 0.04310345 0.02500000 0.03735632 0.05000000
0 0.70905172 0.26923077 0.05890805 0.05000000
0 0.30531609 0.72500000 0.05603448 0.03846154
0 0.18893678 0.98461538 0.05028736 0.03076923
0 0.80459770 0.12307692 0.05172414 0.05769231
0 0.51436782 0.00288462 0.01149425 0.00576923
0 0.12643678 0.90769231 0.04885057 0.06538462
0 0.06393678 0.57115385 0.05603448 0.06923077
0 0.17600575 0.17980769 0.05028736 0.07115385
0 0.34267241 0.13846154 0.03304598 0.07692308
0 0.35416667 0.36153846 0.03304598 0.07307692
0 0.32112069 0.64230769 0.06752874 0.04230769
0 0.07614943 0.12019231 0.04597701 0.06346154
0 0.96192529 0.08653846 0.04454023 0.07692308
0 0.90517241 0.02403846 0.03160920 0.04807692
0 0.85560345 0.39519231 0.04454023 0.07884615
0 0.69037356 0.15769231 0.05890805 0.06538462
0 0.91020115 0.87019231 0.05316092 0.05192308
0 0.82471264 0.67019231 0.05459770 0.07115385
0 0.01724138 0.28942308 0.03160920 0.05576923
0 0.39583333 0.08173077 0.04166667 0.05576923
0 0.90086207 0.40000000 0.04310345 0.06153846
0 0.46192529 0.50961538 0.05316092 0.04230769
