0 0.82812500 0.97851562 0.03906250 0.04296875
0 0.39648438 0.08203125 0.07421875 0.09375000
0 0.36718750 0.23437500 0.04687500 0.04687500
0 0.30078125 0.63281250 0.06250000 0.05468750
0 0.78125000 0.40234375 0.05468750 0.04687500
0 0.64257812 0.69531250 0.05078125 0.05468750
0 0.00781250 0.87695312 0.01562500 0.02734375
0 0.88867188 0.00585938 0.03515625 0.01171875
0 0.45117188 0.51367188 0.05859375 0.05078125
0 0.05664062 0.76757812 0.05859375 0.05078125
0 0.12304688 0.17968750 0.05078125 0.03906250
0 0.59960938 0.24023438 0.04296875 0.05859375
0 0.86914062 0.73242188 0.03515625 0.05859375
0 0.58203125 0.02539062 0.06250000 0.05078125
0 0.82812500 0.19140625 0.03906250 0.05468750
0 0.98828125 0.37695312 0.02343750 0.05859375
0 0.64843750 0.95703125 0.04687500 0.06250000
0 0.08789062 0.61523438 0.05859375 0.05078125
0 0.20312500 0.68945312 0.03906250 0.05859375
0 0.42968750 0.90234375 0.05468750 0.06250000
0 0.39843750 0.68554688 0.02343750 0.01953125
0 0.32617188 0.29687500 0.04296875 0.04687500
