0 0.59843750 0.20507812 0.04062500 0.07421875
0 0.53437500 0.52343750 0.08125000 0.14062500
0 0.28281250 0.19726562 0.04062500 0.05859375
0 0.04843750 0.85546875 0.07187500 0.10937500
0 0.65156250 0.01953125 0.05937500 0.03906250
0 0.40937500 0.48437500 0.06875000 0.07031250
0 0.65781250 0.71875000 0.05312500 0.06250000
0 0.35312500 0.11132812 0.05625000 0.07421875
0 0.68281250 0.10156250 0.05937500 0.08593750
0 0.47656250 0.29492188 0.07187500 0.12109375
0 0.94687500 0.01562500 0.08750000 0.03125000
0 0.25468750 0.28320312 0.09062500 0.07421875
0 0.99218750 0.20312500 0.01562500 0.08593750
0 0.49531250 0.82421875 0.11562500 0.12500000
0 0.40000000 0.07617188 0.03750000 0.04296875
