0 0.57471264 0.42403846 0.07471264 0.11346154
0 0.89008621 0.46826923 0.06465517 0.12500000
0 0.38002874 0.56923077 0.06178161 0.11923077
0 0.18247126 0.61634615 0.09195402 0.09807692
0 0.54310345 0.22019231 0.06896552 0.16730769
0 0.20258621 0.16826923 0.07758621 0.10192308
0 0.87140805 0.10000000 0.09626437 0.13076923
0 0.02155172 0.38653846 0.04310345 0.11923077
0 0.00646552 0.99038462 0.01293103 0.01923077
0 0.53448276 0.84711538 0.05747126 0.12884615
0 0.65804598 0.71634615 0.05747126 0.17500000
0 0.03232759 0.65673077 0.06465517 0.11346154
