0 0.88085938 0.60742188 0.06640625 0.08203125
0 0.06250000 0.51171875 0.09375000 0.08593750
0 0.71679688 0.87304688 0.08984375 0.09765625
0 0.77343750 0.42968750 0.03906250 0.03125000
0 0.94531250 0.38476562 0.10937500 0.12890625
0 0.22851562 0.18750000 0.07421875 0.07812500
0 0.12890625 0.01171875 0.07031250 0.02343750
0 0.82812500 0.08007812 0.07812500 0.08984375
0 0.33984375 0.38671875 0.09375000 0.09375000
0 0.07226562 0.19335938 0.09765625 0.08203125
0 0.24023438 0.56054688 0.11328125 0.12109375
0 0.90429688 0.10742188 0.07421875 0.08984375
0 0.60351562 0.62890625 0.07421875 0.07812500
0 0.36523438 0.15820312 0.09765625 0.09765625
0 0.59179688 0.51757812 0.03515625 0.05078125
0 0.93750000 0.92187500 0.07812500 0.07812500
0 0.59960938 0.86523438 0.09765625 0.08203125
0 0.53125000 0.01171875 0.08593750 0.02343750
0 0.55078125 0.54296875 0.07031250 0.07031250
0 0.96093750 0.64843750 0.07812500 0.11718750
0 0.47851562 0.44726562 0.01953125 0.01953125
0 0.31445312 0.21679688 0.07421875 0.08984375
0 0.03320312 0.01367188 0.06640625 0.02734375
0 0.45117188 0.07812500 0.07421875 0.10937500
0 0.98242188 0.60937500 0.03515625 0.07031250
0 0.75000000 0.73632812 0.05468750 0.05078125
0 0.77343750 0.01757812 0.07812500 0.03515625
0 0.49804688 0.88281250 0.08984375 0.08593750
0 0.79101562 0.41210938 0.03515625 0.03515625
0 0.85742188 0.76562500 0.07421875 0.06250000
0 0.75390625 0.21875000 0.09375000 0.09375000
0 0.89453125 0.71093750 0.21093750 0.10156250
0 0.96289062 0.98828125 0.05859375 0.02343750
0 0.10546875 0.06250000 0.07031250 0.07031250
0 0.28710938 0.12304688 0.06640625 0.08203125
0 0.16796875 0.29882812 0.07031250 0.08203125
0 0.76367188 0.83007812 0.07421875 0.08984375
0 0.94726562 0.21289062 0.06640625 0.06640625
0 0.05664062 0.45117188 0.05078125 0.04296875
0 0.68359375 0.01562500 0.03906250 0.03125000
0 0.02734375 0.64453125 0.05468750 0.09375000
0 0.60937500 0.18554688 0.08593750 0.08984375
0 0.69335938 0.64648438 0.08984375 0.09765625
0 0.72070312 0.12109375 0.09765625 0.09375000
0 0.52539062 0.13476562 0.11328125 0.07421875
0 0.63867188 0.30859375 0.11328125 0.11718750
0 0.77929688 0.97460938 0.09765625 0.05078125
0 0.54296875 0.97265625 0.09375000 0.05468750
0 0.79296875 0.60937500 0.07812500 0.08593750
0 0.51953125 0.20898438 0.10156250 0.06640625
0 0.95117188 0.83007812 0.09765625 0.08203125
0 0.51171875 0.72851562 0.08593750 0.10546875
0 0.41406250 0.26562500 0.07812500 0.08593750
0 0.51953125 0.30273438 0.07812500 0.08984375
0 0.17968750 0.11328125 0.09375000 0.08593750
0 0.48828125 0.40039062 0.09375000 0.08984375
0 0.61132812 0.72851562 0.08203125 0.08203125
