0 0.05555556 0.60972222 0.11111111 0.24722222
0 0.70000000 0.47916667 0.17222222 0.18055556
0 0.88055556 0.10000000 0.17222222 0.13888889
0 0.50833333 0.25277778 0.19444444 0.12222222
0 0.01944444 0.96250000 0.03888889 0.07500000
0 0.58472222 0.41666667 0.13611111 0.13888889
0 0.30694444 0.63194444 0.13055556 0.14722222
0 0.44861111 0.86250000 0.16944444 0.19166667
0 0.35000000 0.00277778 0.04444444 0.00555556
0 0.99861111 0.06944444 0.00277778 0.13888889
0 0.96666667 0.44166667 0.06666667 0.14444444
0 0.50277778 0.07777778 0.13888889 0.15000000
0 0.19027778 0.66666667 0.11944444 0.17777778
0 0.33333333 0.34305556 0.16666667 0.19166667
0 0.85277778 0.97777778 0.08333333 0.04444444
0 0.99305556 0.19027778 0.01388889 0.05277778
0 0.73333333 0.32638889 0.18888889 0.12500000
0 0.28888889 0.00555556 0.04444444 0.01111111
0 0.53194444 0.53194444 0.17500000 0.11388889
0 0.57500000 0.94166667 0.11666667 0.11666667
0 0.37500000 0.05277778 0.16111111 0.10555556
0 0.18194444 0.91527778 0.20833333 0.14166667
0 0.19583333 0.06250000 0.15277778 0.12500000
