0 0.23125000 0.23828125 0.18125000 0.15625000
0 0.52968750 0.79882812 0.12187500 0.12890625
0 0.16562500 0.39257812 0.15000000 0.14453125
0 0.06250000 0.09375000 0.11250000 0.12500000
0 0.35000000 0.57226562 0.11875000 0.17578125
0 0.23437500 0.90429688 0.15625000 0.19140625
0 0.52031250 0.91406250 0.10312500 0.10937500
0 0.41406250 0.50390625 0.14062500 0.17187500
0 0.08125000 0.34960938 0.05625000 0.08203125
0 0.83125000 0.06640625 0.17500000 0.09375000
0 0.69375000 0.97460938 0.08125000 0.05078125
0 0.85625000 0.93359375 0.10625000 0.13281250
