0 0.16718750 0.42187500 0.18437500 0.07812500
0 0.43281250 0.97265625 0.14062500 0.05468750
0 0.97031250 0.08203125 0.05937500 0.14843750
0 0.98125000 0.41210938 0.03750000 0.08984375
0 0.70468750 0.92968750 0.14062500 0.14062500
0 0.97500000 0.26367188 0.05000000 0.10546875
0 0.86562500 0.32617188 0.08125000 0.08984375
0 0.45000000 0.04296875 0.08750000 0.08593750
0 0.87031250 0.91796875 0.19062500 0.16406250
0 0.14218750 0.32812500 0.23437500 0.08593750
0 0.17968750 0.81640625 0.12812500 0.07031250
0 0.32812500 0.28710938 0.24375000 0.12890625
0 0.84687500 0.45703125 0.12500000 0.10937500
0 0.54375000 0.02734375 0.11250000 0.05468750
0 0.83593750 0.85156250 0.10937500 0.10937500
0 0.58437500 0.83398438 0.11875000 0.16015625
0 0.24218750 0.18554688 0.17187500 0.07421875
0 0.39843750 0.10937500 0.15312500 0.11718750
0 0.36093750 0.88671875 0.14062500 0.13281250
0 0.18906250 0.51562500 0.06562500 0.03125000
0 0.84375000 0.96679688 0.07500000 0.06640625
0 0.45468750 0.91015625 0.12812500 0.09375000
0 0.69687500 0.85156250 0.12500000 0.19531250
0 0.06875000 0.49218750 0.13750000 0.11718750
0 0.12500000 0.66210938 0.08125000 0.12109375
0 0.37031250 0.03710938 0.03437500 0.01953125
0 0.32343750 0.72265625 0.09687500 0.09375000
0 0.20468750 0.74804688 0.14062500 0.07421875
0 0.25625000 0.91015625 0.09375000 0.17968750
0 0.13906250 0.88867188 0.13437500 0.07421875
0 0.73906250 0.49414062 0.10312500 0.08203125
0 0.47968750 0.17187500 0.04687500 0.06250000
0 0.79531250 0.56250000 0.05312500 0.04687500
