0 0.93945312 0.30859375 0.04296875 0.04687500
0 0.10351562 0.68359375 0.06640625 0.07812500
0 0.77343750 0.38867188 0.04687500 0.05078125
0 0.48242188 0.89843750 0.05078125 0.03906250
0 0.86718750 0.94726562 0.03906250 0.05078125
0 0.36132812 0.51953125 0.05078125 0.04687500
0 0.98828125 0.81445312 0.02343750 0.05078125
0 0.16015625 0.19140625 0.05468750 0.04687500
0 0.72656250 0.63476562 0.05468750 0.05859375
0 0.76953125 0.04492188 0.04687500 0.03515625
0 0.56054688 0.22265625 0.05859375 0.05468750
0 0.16406250 0.03125000 0.08593750 0.06250000
0 0.50390625 0.71093750 0.05468750 0.08593750
0 0.58984375 0.39648438 0.03906250 0.05078125
0 0.89648438 0.60351562 0.04296875 0.04296875
0 0.68945312 0.42382812 0.03515625 0.05078125
0 0.73437500 0.96484375 0.04687500 0.06250000
0 0.55468750 0.16796875 0.05468750 0.07031250
0 0.08984375 0.40820312 0.05468750 0.06640625
