0 0.39062500 0.48632812 0.03125000 0.02734375
0 0.50390625 0.08789062 0.03125000 0.03515625
0 0.29101562 0.51367188 0.04296875 0.05078125
0 0.62304688 0.59960938 0.06640625 0.07421875
0 0.89257812 0.92578125 0.06640625 0.07812500
0 0.49218750 0.06445312 0.03906250 0.05078125
0 0.54882812 0.50976562 0.03515625 0.04296875
0 0.38867188 0.34960938 0.03515625 0.04296875
0 0.40234375 0.46093750 0.02343750 0.02343750
0 0.67382812 0.45507812 0.05859375 0.05078125
0 0.70312500 0.45898438 0.05468750 0.05078125
0 0.11914062 0.55273438 0.05078125 0.05078125
0 0.42968750 0.35546875 0.04687500 0.04687500
0 0.32226562 0.38671875 0.04296875 0.03906250
0 0.41406250 0.31835938 0.05468750 0.04296875
0 0.71093750 0.38671875 0.07812500 0.05468750
0 0.04101562 0.05078125 0.07421875 0.06250000
0 0.04882812 0.20703125 0.06640625 0.05468750
0 0.67968750 0.59765625 0.06250000 0.06250000
0 0.30664062 0.91015625 0.06640625 0.07031250
0 0.03320312 0.64453125 0.06640625 0.07812500
0 0.03125000 0.07421875 0.03906250 0.03906250
0 0.36718750 0.47460938 0.02343750 0.01953125
0 0.74804688 0.42968750 0.03515625 0.07031250
0 0.61132812 0.51562500 0.03515625 0.03125000
0 0.37304688 0.45117188 0.02734375 0.02734375
0 0.15820312 0.55664062 0.03515625 0.04296875
0 0.74804688 0.47851562 0.03515625 0.02734375
0 0.91210938 0.96679688 0.10546875 0.06640625
0 0.00976562 0.16601562 0.01953125 0.04296875
0 0.49023438 0.40039062 0.03515625 0.03515625
0 0.73437500 0.49414062 0.03906250 0.02734375
0 0.85937500 0.63085938 0.06250000 0.06640625
0 0.39062500 0.30468750 0.03125000 0.03906250
0 0.14648438 0.23828125 0.03515625 0.03906250
0 0.26562500 0.95312500 0.06250000 0.07031250
0 0.34375000 0.27929688 0.03906250 0.04296875
0 0.30859375 0.52539062 0.05468750 0.04296875
